8.918041639609255000e+00 8.069611419496622418e+00 5.269822717701447834e-01
6.349151442781549193e+00 5.744661564004371002e+00 2.555540572868788131e-04
1.458492581198431726e+00 2.539597609891613761e+00 2.186528030527113420e-01
9.648110125154218508e+00 8.016474365978714545e+00 -3.720272162923874554e-02
1.476817367187095442e+00 3.161942970104462791e+00 8.281708130734961593e-01
9.484205638680742734e-01 2.108504202082950751e+00 1.446098073752985214e-01
5.041829509501329909e+00 4.188549196540706454e+00 -6.407314601102243046e-01
5.210273543509913452e+00 4.620947206475580771e+00 -3.262442739813586345e-01
3.962563205163171176e+00 4.955256999835371268e+00 8.814627562211513334e-01
7.165616329645115634e+00 6.213967869001813860e+00 -1.019635617497666041e-01
9.338655293151420622e+00 7.988283771582605830e+00 1.512250663766122327e-01
9.610450181021594318e+00 7.647413489185179714e+00 -3.799016375299368864e-01
6.896610487414189805e-02 9.880549707127009862e-01 -3.602213026991983869e-01
8.444934139477654256e+00 6.890602776441086874e+00 -3.208511211932705831e-01
6.295131734379603827e+00 5.729979377395418183e+00 2.338716332969646011e-02
4.348450017303823856e+00 3.935459004138794015e+00 -4.084560079738822624e-01
9.611343537872182097e+00 7.975448030668777832e+00 -5.249244584174976580e-02
3.678277831535292641e-02 1.700961547381570682e+00 3.752136025608235337e-01
9.383487453736020001e+00 7.167378689058234720e+00 -7.010625285569790366e-01
9.327230934162116682e+00 6.546763721125046231e+00 -1.282297932788434514e+00
5.971784084933393189e+00 5.655966744360263476e+00 1.757178849068889437e-01
3.088794788531370461e+00 3.464340733615245416e+00 2.184381643286149172e-03
4.115559959924883771e+00 4.483595678037141319e+00 3.027037060897227461e-01
2.047881163899005763e+00 3.198426615674284434e+00 4.649098009449799118e-01
2.511660821266414878e-01 1.575620925686294527e+00 9.980466819764537145e-02
3.217097870782392732e+00 3.920254604814887411e+00 3.682860952672125099e-01
7.010767335195048133e+00 5.763518053282966846e+00 -4.440190813535668801e-01
9.906923619262858693e+00 7.105814129020862069e+00 -1.129032404463139017e+00
6.221042675359686136e+00 5.492467697106173219e+00 -1.622621756456066044e-01
1.174107987694404942e+00 1.271182623738995821e+00 -8.506929676470875723e-01
9.769892664980417862e+00 8.508053405050745255e+00 3.691285395644526290e-01
6.177551646818866260e+00 5.732909702214278980e+00 1.086235494410728308e-01
6.926200997266819037e+00 5.909976264810976154e+00 -2.383644332757965389e-01
4.833193340678150207e+00 4.834081641572307575e+00 1.508463030976022468e-01
2.199913839056747200e+00 2.834186861029118987e+00 -5.752826310604261875e-03
7.853168445794321606e+00 6.202147938576395347e+00 -5.950699734796291995e-01
5.782689772864434197e+00 5.910587128572719173e+00 5.627042875676157019e-01
3.915249766638762008e+00 4.491959492761387729e+00 4.512846561142543345e-01
2.666815603504376853e+00 4.321495926151315281e+00 1.154725003698251706e+00
6.534414013492209072e+00 6.609253969817745933e+00 7.351641603731998709e-01
2.397218307461531417e+00 3.245942428956780201e+00 2.678896137337080097e-01
8.530771693606165940e+00 7.490351295186279401e+00 2.188111096619635987e-01
1.476034557441338047e+00 2.095217150362297165e+00 -2.380070398466393733e-01
2.213165289864940100e+00 1.816475817580420316e+00 -1.032739885325038021e+00
2.710448896617631220e+00 2.451205146529545242e+00 -7.461090811027967229e-01
1.844578081753236454e+00 2.737108794795752420e+00 1.459041375684866360e-01
8.844006215048327846e+00 7.393073043734514016e+00 -9.773130679931570086e-02
1.378933542621498809e+00 2.601605457652653719e+00 3.363519778176045083e-01
7.977882292036265532e+00 7.372377199172837514e+00 4.878595947474528294e-01
5.529538995503320287e+00 5.568108452527102514e+00 3.974311556747791019e-01
6.041310975076994438e+00 5.832845361135789553e+00 3.039276785818932347e-01
6.853911686347233356e+00 5.574334340332886661e+00 -5.234038401101759330e-01
4.707114335240921932e+00 4.073139832000181038e+00 -5.218402026684639816e-01
8.613418952764718028e+00 7.765918387264937550e+00 4.365251203296357518e-01
1.217006622710330443e+00 3.112721838023520871e+00 9.608172021262894047e-01
5.840826168291336273e+00 4.986945301025420996e+00 -4.016330167785139293e-01
6.525908298354375248e+00 5.654348048278044381e+00 -2.137877605700175265e-01
7.705871040591173227e+00 6.587926017367376375e+00 -1.061837110464442374e-01
6.557301016644345726e-01 2.216601022880748673e+00 4.575899517156447605e-01
4.865579018665372679e+00 5.220071915792529715e+00 5.141666027267690620e-01
4.706659430153504964e+00 4.549828933650950091e+00 -4.483266745650293233e-02
9.091062338891829242e+00 7.708462353715905380e+00 4.471871649162594692e-02
1.452545578673976046e+00 2.223395711895701954e+00 -9.338619317608141956e-02
7.148005206795093880e-01 2.123698009919638974e+00 3.233376454439820802e-01
9.581003062361796552e+00 8.508880435563177969e+00 5.021782919099200271e-01
6.743955273585918953e+00 5.900373718233652198e+00 -1.203949732764902220e-01
6.168409243280295051e+00 5.896676816239214247e+00 2.787903459430080000e-01
6.437572113788332828e+00 6.208251548868550351e+00 4.019510692167183596e-01
7.843586874547937349e+00 5.859924978283817865e+00 -9.305858338997375911e-01
4.640783411045697804e+00 4.601333489628043338e+00 5.278510189605558484e-02
6.048837795454598876e+00 5.834073260864801824e+00 2.998868040465829110e-01
7.316573588617959700e+00 5.807745724291916822e+00 -6.138557877406539687e-01
3.325764882275501488e+00 3.146930240626705455e+00 -4.811051769661454092e-01
9.244963531762646625e+00 7.287134857919529196e+00 -4.843396143143228749e-01
7.472441193104223167e+00 6.424439378110312404e+00 -1.062694570626431245e-01
6.955961248281705700e+00 6.067141178342263075e+00 -1.020316954549303351e-01
4.424992880908154902e+00 4.685826015906982001e+00 2.883309992712739800e-01
1.673106674744265776e+00 1.932344180312445925e+00 -5.388304920085401628e-01
9.428784290722422412e+00 7.773998169302065442e+00 -1.261508342036296304e-01
2.178848710598776606e+00 2.717248851357250139e+00 -1.079452460618932907e-01
2.966414394580271008e+00 3.512587393597097929e+00 1.360973173909083844e-01
4.283045985539747136e+00 4.602286417755853343e+00 3.041542278780310360e-01
1.500785499913792620e+00 1.999486667204923629e+00 -3.510631827347309719e-01
1.547212247157927489e+00 1.895609186936121127e+00 -4.874393860744280493e-01
4.353288490049197712e+00 4.319564138433187317e+00 -2.773780460125060271e-02
7.674342494207922805e+00 6.817984739110232617e+00 1.459449931646876752e-01
2.186794424516650182e+00 2.137563186721398445e+00 -6.931929104402561048e-01
5.769921762984826508e+00 5.199953154390160925e+00 -1.389920796992167862e-01
2.406487922250964751e+00 3.314433858457918269e+00 3.298923128822429107e-01
3.827002202193102498e+00 3.749524327529044410e+00 -2.293772140061273168e-01
1.860035059335344299e+00 3.244547465401940389e+00 6.425229238671995580e-01
1.799950881099270372e+00 2.734935040495427572e+00 1.749694237259383778e-01
4.869759414582389923e+00 4.358945288327620737e+00 -3.498863018800520419e-01
2.081003904043228214e+00 2.940432256225359087e+00 1.837295233950991535e-01
2.071782813696310122e+00 3.430000976708282856e+00 6.797530071208652824e-01
8.842860075727966063e+00 6.634653602091924895e+00 -8.553484509176509931e-01
7.901454947909519966e+00 7.199172101228175080e+00 3.681536376915113817e-01
1.446491511235199479e+00 2.349543387032274833e+00 3.699932916763504914e-02
4.375558299201083301e+00 4.664539987505998297e+00 3.016491780652402754e-01
5.677926242954942637e+00 5.540652472589820299e+00 2.661041025213607414e-01
