1.298646610149758462e+00 2.704560681154525081e+00 4.955080540496939467e-01
4.760047621881872359e+00 4.554558204503305063e+00 -7.747513081400593526e-02
7.588807411500031463e+00 6.744048614458242774e+00 1.318834264082207330e-01
3.559601458131365082e+00 3.876417234467914863e+00 8.469621377595930312e-02
2.793013845860965461e+00 3.139262251880048815e+00 -1.158474402226266353e-01
7.927069389601228089e+00 7.782340130925449628e+00 9.333915582045900772e-01
6.391852518189615751e+00 5.824706555161317745e+00 5.040979242858654313e-02
3.367912521781870616e+00 3.720363228512511000e+00 6.282446326520144120e-02
4.809826149514194071e+00 4.856367363301405504e+00 1.894890586414696987e-01
6.426018792043569405e+00 6.119905746105942512e+00 3.216925916754438952e-01
7.784176556400495883e+00 6.545587076003001492e+00 -2.033365134773455485e-01
9.343651987109840462e+00 7.184920270613600835e+00 -6.556361203632871115e-01
1.658823528604201902e+00 1.743921035231879246e+00 -7.172554347910622408e-01
5.275435693538446102e+00 4.193170403365058974e+00 -7.996345821118526764e-01
8.229675841212959142e+00 7.499164949069482056e+00 4.383918602204116555e-01
2.590248857212804623e+00 3.563907012158148646e+00 4.507328121091855877e-01
5.421629313592259081e+00 5.244710785632499039e+00 1.495702661179177662e-01
1.893573037772302570e+00 2.224010904660099985e+00 -4.014902217805116913e-01
1.651097608211655743e+00 2.433630588835977715e+00 -2.213773691218121412e-02
2.935981831345839677e+00 3.231789793776170150e+00 -1.233974881659173906e-01
2.432973578280401838e+00 3.220962682023206458e+00 2.178811772269255431e-01
7.180849637666963048e+00 6.101587950492826984e+00 -2.250067958740465390e-01
4.578295731017046677e+00 5.569570792755383692e+00 1.064763781043451596e+00
5.676142197617983776e+00 5.601346553649129589e+00 3.280470153165411240e-01
1.006426112075284873e+00 1.859053576587816670e+00 -1.454447018648827306e-01
4.204387120270308031e+00 2.981312013792927651e+00 -1.261758970396288371e+00
4.805185304766449228e+00 4.120856829674004018e+00 -5.427728836625109743e-01
8.668240973051478448e+00 6.978282603665535433e+00 -3.894860774704991258e-01
1.946453262290444020e+00 3.172510316012588483e+00 5.099930324092778466e-01
5.317892889818852886e+00 4.862170582154064391e+00 -1.603544407191319632e-01
3.621183202766165010e-01 1.403777116871900654e+00 -1.497057073217309686e-01
3.880292446805158058e+00 3.555851257092831119e+00 -4.603534556707800096e-01
4.078932886969117710e+00 4.721617988018196321e+00 5.663649671398136576e-01
6.859897207946613840e+00 6.345707037354899605e+00 2.437789917922704719e-01
8.406314741065338936e+00 6.619248786425739439e+00 -5.651715323199976160e-01
4.553214371395997162e-02 1.809299233741369362e+00 4.774267331415972815e-01
6.906806591124339256e+00 6.331045721887327282e+00 1.962811081002905078e-01
4.969149452238404763e+00 5.596248945827725585e+00 8.178443292608424953e-01
8.830214841614379750e+00 7.262844274859527438e+00 -2.183061142705384206e-01
6.472257370254773434e+00 4.695986142081659764e+00 -1.134594017096681506e+00
6.590484709121945173e+00 7.037017974971753631e+00 1.123678678586391921e+00
6.343394753758836657e+00 5.190543826562985963e+00 -5.498325010681990310e-01
7.583030548364733114e-02 2.003582096702551940e+00 6.505008828639987639e-01
7.069147712443949239e+00 6.373994562166652500e+00 1.255911634558891099e-01
5.339507293202974125e+00 4.700974227874652911e+00 -3.366808773674284105e-01
8.846378536809192283e+00 7.587025579547844956e+00 9.456060378141131761e-02
5.269912678307328235e+00 4.442766793579054685e+00 -5.461720812360748578e-01
6.224708349680946107e+00 5.960828853737604405e+00 3.035330089609433735e-01
5.753984078054744877e+00 5.179348610774109574e+00 -1.484402438642118127e-01
4.263560851888437142e+00 4.389851160826366616e+00 1.053585645044604613e-01
6.549979946357621152e+00 5.462453840673980210e+00 -4.225321217763538528e-01
6.051121225428893524e+00 6.102022828380233577e+00 5.662379705800087981e-01
7.109129899614675452e+00 6.086620775935338123e+00 -1.897701537949340322e-01
7.519220728837910706e+00 6.020343993780823411e+00 -5.431105164057131729e-01
9.446324897762771400e+00 8.443543392435341133e+00 5.311159640014028183e-01
5.150338977839343357e+00 4.487434184596222231e+00 -4.178030998913177529e-01
4.761485021008127205e-01 8.086509276955359260e-01 -8.246530237750330228e-01
1.680289371492460493e+00 2.021581624785253606e+00 -4.546209352594689501e-01
4.232113966379244197e+00 3.478826431032927324e+00 -7.836533454325432801e-01
6.643757075470953843e+00 6.397002484484536566e+00 4.463725316548697308e-01
1.655178500707433775e+00 1.702913214976006895e+00 -7.557117355191970143e-01
6.855509836135431634e+00 6.165740993539069237e+00 6.688410824426808954e-02
9.574562806033249274e+00 8.210810764719500554e+00 2.086168004962270506e-01
4.944188720575695584e+00 4.522882523953381195e+00 -2.380495804496059187e-01
4.067006547272208117e+00 3.538095975304562657e+00 -6.088086077859830025e-01
9.710751994786670949e+00 8.515826223856251431e+00 4.182998275055823112e-01
1.105032384819091273e+00 2.186313339361412034e+00 1.127906699880482227e-01
8.138615726017459195e+00 6.534172172956984603e+00 -4.628588352552365781e-01
3.830725903562997026e+00 3.758146561946245523e+00 -2.233615705478526892e-01
3.345336411655194020e+00 3.651929016391260774e+00 1.019352823262496648e-02
4.095711445359849989e+00 4.640547750778362790e+00 4.735497390264679640e-01
1.570537450518370015e+00 1.970391147281987720e+00 -4.289850680808715011e-01
3.301091643728804037e+00 3.834744109088843889e+00 2.239799584786809072e-01
2.099942785885207108e+00 1.671160157529660628e+00 -1.098799792589984614e+00
8.260560074413192400e-01 1.476887933872766290e+00 -4.013512713361570006e-01
9.497592046874590466e+00 9.150373485566841936e+00 1.202059052754629986e+00
2.534256882594277727e+00 2.427241943850080297e+00 -6.467378739659139786e-01
7.007366924420144194e-01 1.133254097285496531e+00 -6.572615874239136069e-01
7.807812098344139251e+00 6.829191385234362421e+00 6.372291639346550074e-02
8.888482929284286627e+00 7.113712356207193999e+00 -4.082256942918057185e-01
1.538956437484906292e+00 2.337986096315160633e+00 -3.928340992427396816e-02
9.088235085920507217e+00 7.717114116469071305e+00 5.534955632471699749e-02
2.805883721285373777e+00 2.876903839766266291e+00 -3.872147651334947871e-01
1.893043051224917450e+00 2.467562717652064475e+00 -1.575674182053775907e-01
9.902854886063593653e+00 7.741637720130449374e+00 -4.903607001140660726e-01
2.021228767821101613e+00 2.553992710339978878e+00 -1.608674271347922680e-01
5.247618688304601875e+00 5.149946074311679389e+00 1.766129924984583266e-01
2.279685933033873901e+00 3.248892075787646938e+00 3.531119226639353181e-01
6.507035173044024567e+00 5.908178541302295805e+00 5.325392017147952822e-02
7.248215336017922894e+00 6.131889461301626376e+00 -2.418612739109192444e-01
3.833589356005235871e+00 4.926540968177731017e+00 9.430284189740661960e-01
6.615758871760134774e+00 7.030091542021807527e+00 1.099060331789713851e+00
3.871427014587593085e+00 3.867529291719792539e+00 -1.424696184915219821e-01
6.966402082497324955e+00 5.863493328428919682e+00 -3.129881293192077196e-01
6.221063492488275060e+00 5.821437870258230340e+00 1.666934255164387035e-01
5.511954945088236357e+00 5.157090821855101481e+00 -1.277639706663716377e-03
2.306019135068212655e+00 2.275033723260685203e+00 -6.391796712870636554e-01
3.938135510950747431e+00 4.576958414444089129e+00 5.202635567785663939e-01
6.835309409808268732e+00 6.430484331776214368e+00 3.457677449104272216e-01
6.084966606996497163e+00 5.886384064306684927e+00 3.269074394091380231e-01
