Vernier Format 2
Untitled.cmbl 10/2/17 4:21 PM .
Latest
Time	Position	Velocity	Acceleration
t	x	v	acc
s	m	m/s	m/s²

0	0.610197	0.122717777778	-1.58511521605
0.05	0.6186005	0.0540701388889	-1.84766371914
0.1	0.6203155	-0.0492776666667	-2.11746921296
0.15	0.614656	-0.170070833333	-2.14722763889
0.2	0.6024795	-0.281736388889	-1.80275612654
0.25	0.585158	-0.361293333333	-1.1780462037
0.3	0.564921	-0.404073055556	-0.416046296296
0.35	0.5431405	-0.405502222222	0.408900462963
0.4	0.5225605	-0.362436666667	1.20558148148
0.45	0.505239	-0.278973333333	1.860775
0.5	0.493577	-0.167403055556	2.30206990741
0.55	0.4879175	-0.0400166666667	2.51543919753
0.6	0.4892895	0.0935627777778	2.48108626543
0.65	0.4975215	0.219615277778	2.16614027778
0.7	0.5122705	0.320895555556	1.59537345679
0.75	0.5311355	0.385398611111	0.861999228395
0.8	0.5524015	0.409408611111	0.0580665123457
0.85	0.5736675	0.392068055556	-0.760422530864
0.9	0.59339	0.331185555556	-1.5133287037
0.95	0.6083105	0.23324	-2.0878007716
1	0.6175715	0.112618333333	-2.42545462963
1.05	0.6199725	-0.0187697222222	-2.51745061728
1.1	0.615685	-0.149014444444	-2.35494907407
1.15	0.6045375	-0.265062777778	-1.93106882716
1.2	0.587902	-0.350622222222	-1.29699521605
1.25	0.568008	-0.399309166667	-0.538372376543
1.3	0.546399	-0.407217222222	0.285674537037
1.35	0.525476	-0.370535277778	1.09458287037
1.4	0.50764	-0.292312222222	1.77470740741
1.45	0.4951205	-0.184743611111	2.25363703704
1.5	0.488432	-0.0582147222222	2.50474691358
1.55	0.4889465	0.0760316666667	2.49378996914
1.6	0.496321	0.202751111111	2.20208117284
1.65	0.5102125	0.305841666667	1.6719662037
1.7	0.52822	0.376061388889	0.979455555556
1.75	0.5493145	0.407884166667	0.183145061728
1.8	0.570752	0.395974444444	-0.646195061728
1.85	0.590646	0.340999166667	-1.41386929012
1.9	0.606424	0.247722222222	-2.01671296296
1.95	0.616371	0.129673055556	-2.38734351852
2	0.619801	1.08420217249E-18	-2.52168518519
2.05	0.6165425	-0.132340833333	-2.40052361111
2.1	0.606081	-0.251723888889	-2.00019814815
2.15	0.5901315	-0.341570833333	-1.37565231481
2.2	0.570409	-0.393973611111	-0.623222530864
2.25	0.549143	-0.405692777778	0.181662962963
2.3	0.52822	-0.375870833333	0.980196604938
2.35	0.5098695	-0.304603055556	1.69192160494
2.4	0.496321	-0.198558888889	2.20875061728
2.45	0.4892895	-0.0732686111111	2.47330524691
2.5	0.488775	0.0584052777778	2.48828503086
2.55	0.495292	0.18522	2.25257839506
2.6	0.507983	0.293931944444	1.76570895062
2.65	0.5259905	0.37044	1.0720337963
2.7	0.546742	0.405216388889	0.271012345679
2.75	0.5681795	0.397594166667	-0.541654166667
2.8	0.5880735	0.349383611111	-1.30578194444
2.85	0.604709	0.262299722222	-1.94281975309
2.9	0.6155135	0.145870277778	-2.35743688272
2.95	0.619801	0.0157208333333	-2.50866388889
3	0.617057	-0.114619166667	-2.40931033951
3.05	0.6079675	-0.234573888889	-2.06726311728
3.1	0.592704	-0.331185555556	-1.48802716049
3.15	0.5733245	-0.390638888889	-0.734909259259
3.2	0.551887	-0.407026666667	0.0852736111111
3.25	0.530964	-0.380920555556	0.882431018519
3.3	0.5122705	-0.315845833333	1.59627330247
3.35	0.4978645	-0.214565555556	2.14120925926
3.4	0.4899755	-0.0916572222222	2.44493364198
3.45	0.488432	0.0393497222222	2.5039529321
3.5	0.49392	0.168641666667	2.30619861111
3.55	0.505925	0.28126	1.83870231481
3.6	0.523418	0.361102777778	1.16318287037
3.65	0.543655	0.401119444444	0.385716203704
3.7	0.5650925	0.400547777778	-0.420439660494
3.75	0.5853295	0.358625555556	-1.20214089506
3.8	0.602651	0.275829166667	-1.8651683642
3.85	0.6141415	0.162734444444	-2.30635740741
3.9	0.619458	0.0348716666667	-2.49331358025
3.95	0.617743	-0.0961352777778	-2.43127716049
4	0.609511	-0.217995555556	-2.11993055556
4.05	0.595105	-0.318037222222	-1.5690132716
4.1	0.57624	-0.382349722222	-0.838709104938
4.15	0.5551455	-0.404358888889	-0.0368936728395
4.2	0.5342225	-0.385493888889	0.75804058642
4.25	0.5150145	-0.326421666667	1.48993271605
4.3	0.500094	-0.230953333333	2.07546759259
4.35	0.490833	-0.109188333333	2.42550756173
4.4	0.488775	0.0231525	2.49670123457
4.45	0.4934055	0.150443611111	2.31212700617
4.5	0.5043815	0.262871388889	1.90285601852
4.55	0.520674	0.349478888889	1.28116851852
4.6	0.540911	0.397403611111	0.507512962963
4.65	0.562177	0.401881666667	-0.313728549383
4.7	0.582757	0.364151666667	-1.09389475309
4.75	0.6000785	0.288501111111	-1.76729691358
4.8	0.612941	0.180360833333	-2.25855972222
4.85	0.6189435	0.0520216666667	-2.49183148148
4.9	0.6182575	-0.0800333333333	-2.44975046296
4.95	0.61054	-0.202655833333	-2.15804166667
5	0.597163	-0.304126666667	-1.64999938272
5.05	0.578984	-0.375489722222	-0.953254166667
5.1	0.5578895	-0.40474	-0.136088425926
5.15	0.5366235	-0.388352222222	0.674884259259
5.2	0.517587	-0.333281666667	1.39613703704
5.25	0.5019805	-0.2443875	1.99167608025
5.3	0.491862	-0.125766666667	2.37702175926
5.35	0.4889465	0.00495444444444	2.48727932099
5.4	0.492548	0.132721944444	2.34637407407
5.45	0.5026665	0.248198611111	1.9764845679
5.5	0.518273	0.339665277778	1.38163364198
5.55	0.538167	0.3935925	0.61697654321
5.6	0.559433	0.403501388889	-0.207229166667
5.65	0.5801845	0.371011666667	-0.994170679012
5.7	0.5980205	0.300315555556	-1.68112345679
5.75	0.611569	0.196462777778	-2.19879938272
5.8	0.6186005	0.0702197222222	-2.46838256173
5.85	0.618772	-0.0616447222222	-2.46308935185
5.9	0.6120835	-0.185505833333	-2.21192654321
5.95	0.599564	-0.291645277778	-1.73410848765
6	0.581728	-0.367391111111	-1.05424861111
6.05	0.561148	-0.4021675	-0.252909567901
6.1	0.5397105	-0.392639722222	0.557110339506
6.15	0.520331	-0.343190555556	1.29339583333
6.2	0.5040385	-0.258869722222	1.90926080247
6.25	0.493234	-0.145203333333	2.33854012346
6.3	0.488775	-0.0141011111111	2.50331774691
6.35	0.491862	0.117001111111	2.38162685185
6.4	0.501123	0.23324	2.02010061728
6.45	0.5160435	0.326612222222	1.45854398148
6.5	0.53508	0.386541944444	0.72289367284
6.55	0.5565175	0.402548611111	-0.0978714506173
6.6	0.5770975	0.374918055556	-0.886136265432
6.65	0.595448	0.309748055556	-1.57414768519
6.7	0.6093395	0.212278888889	-2.11765447531
6.75	0.617743	0.0895611111111	-2.44413966049
6.8	0.618772	-0.0442088888889	-2.48288595679
6.85	0.612941	-0.170166111111	-2.2425212963
6.9	0.600936	-0.276400833333	-1.78820509259
6.95	0.5843005	-0.3558625	-1.15519012346
7	0.563892	-0.398261111111	-0.37687654321
7.05	0.542626	-0.395783888889	0.451934259259
7.1	0.5225605	-0.349955277778	1.21457993827
7.15	0.506268	-0.268588055556	1.83732608025
7.2	0.494606	-0.159495	2.27946790123
7.25	0.489461	-0.0306794444444	2.47436388889
7.3	0.491519	0.09947	2.39157808642
7.35	0.4999225	0.217805	2.06858641975
7.4	0.514157	0.314035555556	1.54175324074
7.45	0.5325075	0.379300833333	0.837650462963
7.5	0.5537735	0.402929722222	0.0182615740741
7.55	0.5746965	0.380634722222	-0.794616666667
7.6	0.59339	0.318704166667	-1.5007837963
7.65	0.607796	0.224665	-2.05318317901
7.7	0.6168855	0.105663055556	-2.40137052469
7.75	0.6189435	-0.0265825	-2.48013348765
7.8	0.61397	-0.153778333333	-2.2811617284
7.85	0.6028225	-0.263157222222	-1.85844598765
7.9	0.5867015	-0.347096944444	-1.24422191358
7.95	0.566636	-0.393973611111	-0.4802
8	0.5455415	-0.397498888889	0.339824074074
8.05	0.525133	-0.357672777778	1.10929799383
8.1	0.508326	-0.280974166667	1.74660046296
8.15	0.495978	-0.176549722222	2.21404382716
8.2	0.489804	-0.0513547222222	2.46478317901
8.25	0.49049	0.0813672222222	2.43784074074
8.3	0.498379	0.204085	2.1306757716
8.35	0.5119275	0.302506944444	1.61082962963
8.4	0.5297635	0.371011666667	0.934463271605
8.45	0.550515	0.40131	0.136935339506
8.5	0.571781	0.385970277778	-0.68515308642
8.55	0.5908175	0.328517777778	-1.41249305556
8.6	0.6059095	0.237908611111	-1.9764316358
8.65	0.6155135	0.123670555556	-2.34849135802
8.7	0.6189435	-0.0060025	-2.48452685185
8.75	0.614999	-0.136723611111	-2.33335277778
8.8	0.6045375	-0.25039	-1.91545385802
8.85	0.5887595	-0.335187222222	-1.31239845679
8.9	0.569723	-0.386065555556	-0.588975462963
8.95	0.5486285	-0.397784722222	0.213739814815
9	0.5280485	-0.364056388889	0.997770061728
9.05	0.510727	-0.292502777778	1.65735694444
9.1	0.497693	-0.191794166667	2.14967839506
9.15	0.4906615	-0.0695527777778	2.4311183642
9.2	0.4903185	0.0621211111111	2.44620401235
9.25	0.4971785	0.186553888889	2.18318441358
9.3	0.5098695	0.289549166667	1.6894867284
9.35	0.5273625	0.361674444444	1.03042916667
9.4	0.547428	0.397403611111	0.25465632716
9.45	0.5688655	0.389590833333	-0.569072993827
9.5	0.588245	0.337092777778	-1.31658009259
9.55	0.6038515	0.251056944444	-1.9035970679
9.6	0.614313	0.139867777778	-2.30609274691
9.65	0.6186005	0.0112427777778	-2.47166435185
9.7	0.6155135	-0.119001944444	-2.35516080247
9.75	0.606081	-0.234764444444	-1.98151311728
9.8	0.590989	-0.324611388889	-1.42278834877
9.85	0.5722955	-0.38073	-0.784321373457
9.9	0.5513725	-0.4004525	-0.237860972222
9.95	0.5307925	-0.391734583333	0.079477546296
10	0.5126135	-0.3773	0.225331944444
