-2.366500845738119096e+01 1.000771313871437806e+00 5.013152343292254101e-04
-2.317461945535978884e+01 1.000363906681141390e+00 5.013144508479590008e-04
-2.268422806467060582e+01 9.995573020266201869e-01 5.012412625042382162e-04
-2.219383667380679981e+01 9.990616355068708820e-01 5.011786323237500196e-04
-2.170344529411886469e+01 1.000672448457845309e+00 5.013665469351634429e-04
-2.121305392019348801e+01 9.997422758514703522e-01 5.012766450247060001e-04
-2.072266255168142379e+01 1.000272727302434772e+00 5.013346321913681380e-04
-2.023227119434523047e+01 9.989470694412442286e-01 5.012120497291195969e-04
-1.974187983718366013e+01 1.000094710559443101e+00 5.013447149228333118e-04
-1.925148848543540225e+01 9.992762474363056091e-01 5.012726033565168557e-04
-1.876109954488129006e+01 1.000342012731572749e+00 5.013986304633351971e-04
-1.827070581005318672e+01 9.998202547589772893e-01 5.013664045503755636e-04
-1.778031448065667064e+01 9.995214594681020026e-01 5.013230485321390527e-04
-1.728992555686636479e+01 9.996583805065917261e-01 5.013628671025001414e-04
-1.679953183880206780e+01 1.000024661579583807e+00 5.014064041039493352e-04
-1.630914292618763284e+01 9.990505905866671199e-01 5.013049858012349645e-04
-1.581875161914285854e+01 1.000309027806142614e+00 5.014349107379305294e-04
-1.532836032344857813e+01 1.000246176055018088e+00 5.014419141975999311e-04
-1.483796902757967473e+01 1.000001030375180289e+00 5.014455729843437766e-04
-1.434757774288664223e+01 1.000364681208893325e+00 5.014599682262788809e-04
-1.385718646378154517e+01 9.998383162686543812e-01 5.014131188571524511e-04
-1.336679279042073176e+01 9.995416652715740646e-01 5.014092949275013355e-04
-1.287640392250978039e+01 1.000974047182253690e+00 5.015341376051145718e-04
-1.238601266034311266e+01 9.999892835852397521e-01 5.014643612676749230e-04
-1.189562380919596762e+01 1.000310469513481459e+00 5.014875157246930990e-04
-1.140523015801227302e+01 1.000895291852454738e+00 5.015671004668682950e-04
-1.091483891802272410e+01 1.000273144788743185e+00 5.014916262942938378e-04
-1.042445007822607295e+01 1.001439439970907674e+00 5.016035355104355711e-04
-9.934056449394120136e+00 1.000065796401740981e+00 5.014749954758936827e-04
-9.443665226343000541e+00 1.000358099045023819e+00 5.015023993683630568e-04
-8.953274008705193410e+00 9.996917316503101114e-01 5.014466849592980578e-04
-8.462885196673596511e+00 1.000000534269993357e+00 5.014579531622239197e-04
-7.972491595781320939e+00 9.999104107324947588e-01 5.014639190208137207e-04
-7.482100395081943134e+00 9.998930159101242499e-01 5.014760698749774889e-04
-6.991711605402088026e+00 1.001066105519812233e+00 5.015797953689524928e-04
-6.501318015860306332e+00 1.000186898682930536e+00 5.014919523808836427e-04
-6.010926837338047335e+00 1.000267793308142528e+00 5.014975134664743624e-04
-5.520538064421998570e+00 1.000683077376693042e+00 5.015449977740253293e-04
-5.030146897075610468e+00 1.001298387171754900e+00 5.018841891115138508e-04
-4.539753335473506013e+00 9.994343025069978292e-01 5.014194153618813012e-04
-4.049364579321263591e+00 9.996089284895343097e-01 5.014344424407477050e-04
-3.558973434326617280e+00 9.999234575697819594e-01 5.014676517334120450e-04
-3.068579889488319168e+00 9.916087839027040163e-01 5.005057646655732039e-04
-2.578191155687818537e+00 9.833039927940956382e-01 4.995550575482178698e-04
-2.087800021869043121e+00 9.813889617893480910e-01 4.993565555257909036e-04
-1.597408899400761584e+00 9.803136154326579366e-01 4.992239747734622795e-04
-1.107015382327517727e+00 9.791830467434780028e-01 4.991072834596244154e-04
-6.166266708787588868e-01 9.802472012328330431e-01 4.992107679244287303e-04
-1.262355651742836926e-01 9.820869894041578396e-01 4.994039447812118580e-04
3.641579295472183730e-01 9.837123899686790462e-01 4.995967935056591213e-04
8.545466242321708705e-01 9.830761282880967622e-01 4.995217793688676777e-04
1.344937713172839722e+00 9.822605821735808096e-01 4.994264090843101266e-04
1.835328791112260660e+00 9.824519747755365850e-01 4.994366406454545668e-04
2.325719863463746151e+00 9.877595735045667791e-01 5.000483307203045565e-04
2.816110930052673211e+00 9.960276582429684611e-01 5.009465001057619759e-04
3.306501991228287807e+00 9.998766239585579196e-01 5.013792201805870180e-04
3.796893046815966954e+00 9.998731382275530821e-01 5.013634053649659904e-04
4.287284096641087672e+00 1.000151337817165587e+00 5.013689592920503920e-04
4.777675141052895924e+00 1.000082720297437611e+00 5.013656394635315327e-04
5.268063779858493945e+00 1.000255796004595243e+00 5.013812625218974119e-04
5.758457207350147655e+00 1.000515502121962275e+00 5.013908611761407020e-04
6.248848229410214117e+00 9.992431473751290927e-01 5.012449439351741387e-04
6.739236851452005794e+00 9.989290060066841059e-01 5.012088595777956096e-04
7.229630262179853162e+00 9.996935393013207660e-01 5.012972707556080871e-04
7.720021267476113280e+00 9.989749734147310711e-01 5.011975999384071052e-04
8.210409867166163167e+00 9.997108394146986265e-01 5.012608211986815466e-04
8.700800861111929407e+00 9.999011124075557477e-01 5.012857408440401629e-04
9.191194244074722519e+00 9.995730144338602630e-01 5.012090896777716834e-04
9.681585227019240847e+00 9.985264829741511416e-01 5.010955518930006050e-04
1.017197379859499051e+01 1.000255992550678874e+00 5.012676390120086823e-04
1.066236717038191273e+01 9.998233409612446998e-01 5.013824586413902521e-04
1.115275813097468927e+01 1.000400041180798283e+00 5.012644681677725245e-04
1.164314668578663259e+01 1.000493173043182527e+00 5.012604837535786532e-04
1.213353763520353823e+01 1.000484836970278124e+00 5.012502661896955708e-04
1.262393097905078321e+01 9.997573347996894233e-01 5.011521524176551457e-04
1.311431951709892019e+01 1.001269634997937752e+00 5.012834008541662036e-04
1.360471044975201949e+01 1.000434415439726665e+00 5.011943375342422548e-04
1.409510377683545812e+01 9.996990860413119684e-01 5.010917808565158987e-04
1.458549229253185331e+01 9.994159202383119389e-01 5.010258877983632484e-04
1.507588320283321082e+01 9.999454829925654709e-01 5.010835700869717023e-04
1.556627411313456832e+01 1.000126809240094117e+00 5.010846532371956204e-04
1.605666501208543195e+01 9.986819075125974443e-01 5.009274045087983886e-04
1.654705590562298312e+01 1.000573225380828157e+00 5.011129178866673443e-04
1.703744679357259884e+01 9.991300380083216748e-01 5.009349356812409009e-04
1.752783767575965612e+01 9.998171251763054990e-01 5.009595887462575149e-04
1.801822855253340094e+01 1.000655267864160036e+00 5.010439962752441133e-04
1.850861702370093553e+01 1.000545533797158715e+00 5.010126753493297433e-04
1.899900788353625103e+01 1.000242968109044339e+00 5.009607684046497519e-04
1.948940114356446429e+01 9.988471834959590234e-01 5.007662673955828175e-04
1.997979199239853187e+01 1.001020723669835188e+00 5.009930858504701035e-04
2.047018043545176624e+01 9.999621020159236151e-01 5.008738665652689645e-04
2.096057367871617316e+01 1.000251146248885670e+00 5.008678753293127226e-04
2.145096211076815962e+01 1.000270299574455901e+00 5.008623686514632276e-04
2.194135293707586243e+01 9.990631663036411148e-01 5.006977820840107602e-04
2.243174375238231733e+01 1.000028626351914030e+00 5.008151379432716549e-04
2.292213696770704701e+01 1.000123194609531252e+00 5.007844594724107428e-04
2.341252537723266869e+01 1.000736122735677691e+00 5.008192376346251974e-04
-2.336042851094975958e+01 9.998469903106457224e-01 4.886698484587011443e-04
-2.287004360418654869e+01 1.000906436814282596e+00 4.887121264846532422e-04
-2.237966349693601842e+01 9.997824605261915742e-01 4.885969565826401347e-04
-2.188928098879409845e+01 1.000809785969186905e+00 4.886532181133338435e-04
-2.139889847855670268e+01 9.993384800221528641e-01 4.884955404436141548e-04
-2.090851596849392990e+01 9.994230323106134684e-01 4.884589638638845311e-04
-2.041813345685955028e+01 9.996194396651850722e-01 4.884696670485267136e-04
-1.992775094382818679e+01 1.000143582196506564e+00 4.884907746151629813e-04
-1.943736842957446243e+01 1.000033519760438860e+00 4.884314527045760827e-04
-1.894698591444762314e+01 1.001548543139881176e+00 4.884921996930534187e-04
-1.845660339862229193e+01 1.000401957013108634e+00 4.885016862198633941e-04
-1.796622328071975971e+01 9.999251947168950050e-01 4.883394374641203363e-04
-1.747583836295530091e+01 1.000238118209293425e+00 4.883198594909699030e-04
-1.698545584014505039e+01 9.997094221434998929e-01 4.882550141191779880e-04
-1.649507571962317343e+01 1.000128970986154942e+00 4.884451717901699833e-04
-1.600469079749314005e+01 9.996623485060056602e-01 4.881950560480564113e-04
-1.551430827468288953e+01 1.000302822566956351e+00 4.883999630452951326e-04
-1.502392815049392993e+01 9.997291404702678408e-01 4.883417235072954081e-04
-1.453354322574455182e+01 9.997550480019372632e-01 4.883224035752566734e-04
-1.404316069944184164e+01 9.997628846676231973e-01 4.882770538324992366e-04
-1.355278057193504537e+01 9.993516815177495571e-01 4.882096950129619778e-04
-1.306239804353685940e+01 9.987545936475018538e-01 4.880466789530130156e-04
-1.257201311372341479e+01 1.000332186386003741e+00 4.882339801048192159e-04
-1.208163058270588408e+01 9.996174681412446361e-01 4.881500429176491643e-04
-1.159125045083351324e+01 9.995808092316946780e-01 4.880333821359593449e-04
-1.110086551752760897e+01 9.997502986568886918e-01 4.880847172116857232e-04
-1.061048298371611054e+01 1.000196128454216460e+00 4.881220096754475225e-04
-1.012010284765278811e+01 1.000459911454878892e+00 4.881049521696499845e-04
-9.629717911552916121e+00 1.000682825556584055e+00 4.881048807158389091e-04
-9.139335373550466102e+00 9.999182496416292310e-01 4.880309193709951609e-04
-8.648955234693175953e+00 9.998811552524363711e-01 4.879905172832812543e-04
-8.158572694420627158e+00 9.994550085723964417e-01 4.879422209830741228e-04
-7.668187752907442700e+00 1.000222180527522431e+00 4.879909916567925381e-04
-7.177807610557692897e+00 9.996134504232316864e-01 4.879292553205294316e-04
-6.687425066792684447e+00 9.996755591318583489e-01 4.878972857841017813e-04
-6.197040122485532265e+00 1.000893068736055103e+00 4.879644294179066345e-04
-5.706659975944830876e+00 9.999628697138277511e-01 4.878699015971114635e-04
-5.216277428687362772e+00 1.000498967905561587e+00 4.878930514030790986e-04
-4.725894880207533788e+00 1.000189786527729829e+00 4.878462973713814299e-04
-4.235509930836315107e+00 1.000804741006609433e+00 4.878847136560340142e-04
-3.745129779406170201e+00 1.000143216664973522e+00 4.878119171711889812e-04
-3.254747227259258580e+00 9.984621417396590815e-01 4.876727874486027725e-04
-2.764362274570203226e+00 9.908267923369088459e-01 4.868872649365019655e-04
-2.273982119647598665e+00 9.851222027510070367e-01 4.864148749045579898e-04
-1.783599564182850372e+00 9.825523580755179953e-01 4.862036697913592505e-04
-1.293214607128220450e+00 9.825841343370296244e-01 4.861972441231135499e-04
-8.028344487131562346e-01 9.806565490160494836e-01 4.860102610106995891e-04
-3.124518895813253039e-01 9.809926188028605942e-01 4.860181283788162117e-04
1.779306707728665060e-01 9.809617076464657304e-01 4.860279531772700103e-04
6.683132326986651606e-01 9.831599466822447120e-01 4.861682731719019126e-04
1.158695795846824694e+00 9.830330173011652128e-01 4.861722704652557078e-04
1.649078359868099142e+00 9.835091003211404725e-01 4.861665982705333814e-04
2.139460925984849382e+00 9.839829317847093026e-01 4.862108235151258785e-04
2.629843492101599622e+00 9.890120293290557418e-01 4.866360950437989292e-04
3.120226060837694604e+00 9.984009251136622964e-01 4.874947818417841227e-04
3.610608629748412568e+00 1.000313083509773993e+00 4.876366410527567270e-04
4.100991199881491411e+00 1.000646734602887333e+00 4.876255982665332047e-04
4.591373771586177099e+00 1.000010354375601818e+00 4.875883973744522533e-04
5.081753944669571865e+00 1.000185605124962684e+00 4.875788124101545161e-04
5.572138919186500061e+00 1.000069911194750194e+00 4.875873352373512716e-04
6.062519094889239568e+00 9.990382274305683596e-01 4.874763632889859500e-04
6.552901672181860704e+00 9.997137260292799921e-01 4.875236207600744344e-04
7.043286649318133641e+00 1.000414198793628806e+00 4.875894403089412951e-04
7.533666829386447716e+00 9.997798329514543392e-01 4.875250058126618128e-04
8.024049409473036576e+00 9.997658421987011268e-01 4.875229393465158262e-04
8.514434391673376012e+00 1.000673669321707315e+00 4.875502575323766691e-04
9.004816975077801544e+00 1.001123593677433199e+00 4.875997447360986008e-04
9.495197159337067205e+00 9.998754085819279158e-01 4.875099419864172110e-04
9.985579745011591513e+00 9.995751832768275946e-01 4.874857095422357425e-04
1.047596473192675148e+01 9.997424842505207021e-01 4.874789519007126696e-04
1.096634492037696873e+01 9.995768097638855210e-01 4.874730080127096226e-04
1.145672751024244462e+01 1.001057253662780422e+00 4.875504344298347225e-04
1.194711250065006425e+01 9.999649950626781081e-01 4.874904116955081795e-04
1.243749269329123308e+01 9.998022157969322921e-01 4.874648669376734577e-04
1.292787528647454565e+01 1.000308481069785982e+00 4.874955539514578997e-04
1.341825788192795699e+01 9.995659686613870276e-01 4.874544616714982436e-04
1.390864047807986026e+01 9.990047548742945205e-01 4.874173320983815898e-04
1.439902307562874739e+01 1.000381054344763099e+00 4.875114862914553342e-04
1.488940567439999541e+01 1.000109606473457369e+00 4.874604120914543290e-04
1.537978827404435833e+01 9.997204734529587800e-01 4.874637933992741136e-04
1.587017087560957407e+01 9.995395944596817683e-01 4.874488672178017737e-04
1.636055347874639665e+01 1.000583123461642909e+00 4.874899417319240175e-04
1.685093848259998595e+01 1.000321046444337281e+00 4.874849434207720561e-04
1.734131868851250147e+01 1.000684142828516698e+00 4.875358886104528937e-04
1.783170129496716072e+01 1.001130862933840238e+00 4.875411618174616923e-04
1.832208150297515203e+01 9.996615945593961827e-01 4.874609177459903126e-04
1.881246651224205380e+01 9.993398230829870776e-01 4.874662719971780745e-04
1.930284912306228762e+01 1.000597966569369612e+00 4.875689617625221257e-04
1.979323173527950530e+01 1.000787680518121281e+00 4.875461166901658280e-04
2.028361434889370685e+01 9.999799966941848028e-01 4.875090853578864600e-04
2.077399696373026927e+01 9.999510930717785406e-01 4.876091802232337025e-04
2.126437958013843854e+01 9.992984449291014704e-01 4.874584724392936534e-04
2.175476219776896869e+01 1.000044499838009582e+00 4.875267609434043238e-04
2.224514481697110568e+01 9.998001643854462772e-01 4.875357496473950360e-04
2.273552743757022654e+01 1.000215169598197340e+00 4.875338152814993301e-04
2.322590765884956454e+01 9.997524347790810451e-01 4.875190679988440287e-04
2.371629268208630492e+01 9.990241238610857444e-01 4.874927669173225765e-04
-2.353658339209732731e+01 9.995282248500340083e-01 4.937236963662530211e-04
-2.304618560601602439e+01 1.001064037488360148e+00 4.938426922580708327e-04
-2.255579021139647011e+01 1.000270069589378696e+00 4.937118418073485225e-04
-2.206539000835846309e+01 9.997061585266224792e-01 4.936158504259367938e-04
-2.157499219713145067e+01 1.000344648827953709e+00 4.936380479999349924e-04
-2.108459677736618687e+01 9.994781476146359367e-01 4.935350417924273987e-04
-2.059419654918247033e+01 1.001620287599990444e+00 4.937038303714865904e-04
-2.010379871280974839e+01 9.997932341087836239e-01 4.934640201696991260e-04
-1.961340087067446802e+01 1.000259656287588728e+00 4.934953408214020698e-04
-1.912300301736331676e+01 9.991392756771110273e-01 4.933495183936747975e-04
-1.863260515584488530e+01 9.995319447779852373e-01 4.933641627645866815e-04
-1.814220728576992769e+01 9.993041456857101323e-01 4.932940961638115299e-04
-1.765180941010703464e+01 1.000218424909002257e+00 4.933351731258496129e-04
-1.716141152344289367e+01 9.999596578914923262e-01 4.932888214362712550e-04
-1.667101363101619427e+01 1.000429499982383064e+00 4.932802891997323247e-04
-1.618061812743189876e+01 1.000364390112233437e+00 4.932287270588698843e-04
-1.569021781839774121e+01 1.000551401710053412e+00 4.932014053071548864e-04
-1.519981989803136457e+01 9.989608711371651406e-01 4.930343006019486567e-04
-1.470942437209532727e+01 9.998940855057062427e-01 4.930634272811821889e-04
-1.421902403512149249e+01 1.000444825735092635e+00 4.930580709430647853e-04
-1.372862609240337406e+01 9.991603277170972852e-01 4.929168676439988923e-04
-1.323822814130335246e+01 9.995251758623738825e-01 4.929218544086607983e-04
-1.274783017920208295e+01 1.000603314397579657e+00 4.929859377370758534e-04
-1.225743221133825500e+01 1.001187064102854629e+00 4.930578250402008504e-04
-1.176703423509252389e+01 9.995534919118919115e-01 4.927847280271842366e-04
-1.127663625063951258e+01 1.000300124689479819e+00 4.927994668707824134e-04
-1.078623825483600740e+01 9.995360643314180615e-01 4.927045663004589503e-04
-1.029584025344456677e+01 9.997946739302028263e-01 4.926853875271792679e-04
-9.805444643864120735e+00 1.001141209127424769e+00 4.927606627335479094e-04
-9.315044225690598978e+00 9.991872238507258919e-01 4.925607475630972140e-04
-8.824646199153448833e+00 9.984920670269203935e-01 4.924332978943864788e-04
-8.334250564252670301e+00 9.997250197119775805e-01 4.925048031937168851e-04
-7.843850121108062012e+00 9.998267125026639723e-01 4.924675429953284016e-04
-7.353452069425202353e+00 1.000105920435975904e+00 4.924562106224732953e-04
-6.863056409553337289e+00 9.999475031980068485e-01 4.924013022314361167e-04
-6.372655941088396503e+00 1.000471037549071518e+00 4.923914854501763774e-04
-5.882257864259827329e+00 9.998369819287149518e-01 4.923017542262287825e-04
-5.391862179067629768e+00 9.995175206535635848e-01 4.922032690020279860e-04
-4.901464088443844958e+00 9.995087783505752776e-01 4.921914772849647016e-04
-4.411063586451291485e+00 9.992379832629555425e-01 4.921903198307757844e-04
-3.920667876288007392e+00 9.997763748154556707e-01 4.921010847656946772e-04
-3.430269757549922360e+00 1.000106851313373735e+00 4.920844463146225754e-04
-2.939869233205627097e+00 9.957255924557872895e-01 4.916322179593103072e-04
-2.449473497896633489e+00 9.876516671973792905e-01 4.907818655712907789e-04
-1.959075354012838943e+00 9.840411892308300601e-01 4.904031536696582027e-04
-1.468674804522834165e+00 9.805753937271524112e-01 4.900346290968545567e-04
-9.782790384801955952e-01 9.805285503562642946e-01 4.899758745169730759e-04
-4.878808694506915344e-01 9.785597967067054537e-01 4.897351678627856692e-04
2.519707978990481934e-03 9.788985550009814407e-01 4.897469610102798141e-04
4.929154907854353951e-01 9.803505834866994562e-01 4.898022744632991041e-04
9.833136849606489704e-01 9.804591570895665464e-01 4.897819237210868223e-04
1.473711884723797994e+00 9.808483774062842775e-01 4.897637606112727974e-04
1.964110095488194929e+00 9.842354497315607409e-01 4.900462624595156589e-04
2.454508312015150295e+00 9.883070838849539186e-01 4.903967161779486904e-04
2.944906539717976557e+00 9.950617829779276891e-01 4.909882515917188489e-04
3.435304772834115283e+00 9.992487444053665957e-01 4.913537219847999987e-04
3.925703017300747888e+00 1.000200696201888340e+00 4.914067283461071717e-04
4.416101267355315940e+00 9.999296714842981215e-01 4.913133217892683580e-04
4.906501925635438965e+00 1.000509206213658686e+00 4.913058664621842682e-04
5.396897795229506301e+00 9.999643099589543560e-01 4.912452033395957752e-04
5.887296070429783867e+00 9.996772212205570218e-01 4.911329741437681735e-04
6.377696753855616407e+00 9.996084960450364321e-01 4.911049052737797866e-04
6.868092648595393257e+00 1.000138071503610782e+00 4.911051385149132250e-04
7.358490948941380339e+00 1.000754531530816172e+00 4.911192489276580394e-04
7.848889257494647609e+00 9.995306763957868545e-01 4.909442121189479431e-04
8.339287574604441033e+00 9.999346962033683894e-01 4.909574818092096987e-04
8.829685902890105353e+00 9.998355648862614631e-01 4.908744373474721243e-04
9.320084236589082138e+00 1.000665559998318299e+00 4.911696346913952110e-04
9.810482578844585078e+00 1.000144937535969891e+00 4.908028436681043799e-04
1.030088092948199119e+01 9.998935641750639203e-01 4.909312721834208819e-04
1.079127928832667749e+01 1.000223236022485418e+00 4.906975371300293732e-04
1.128168005854013245e+01 1.000201725645328388e+00 4.909191071743355212e-04
1.177207603430497329e+01 1.000580331249137922e+00 4.908768194644801131e-04
1.226247441829536911e+01 9.999917087201096733e-01 4.905077570165218949e-04
1.275287521086056586e+01 1.000375188917192348e+00 4.909499613817286390e-04
1.324327121177111621e+01 1.000236045850837030e+00 4.908382915815496551e-04
1.373366962090722154e+01 9.996355168625763454e-01 4.903078098730509395e-04
1.422406563858157824e+01 9.998302118652928616e-01 4.902845991747995218e-04
1.471446646467438768e+01 1.000887846556270500e+00 4.909936423310737536e-04
1.520486489895620252e+01 1.000540059495019118e+00 4.909115739590970634e-04
1.569526334458851125e+01 1.000581586349168495e+00 4.908713227032147734e-04
1.618566179580875541e+01 9.997801836066664283e-01 4.903052619539756711e-04
1.667606025523627977e+01 9.995992347036756209e-01 4.902334671660577578e-04
1.716645632320205550e+01 1.000027818418051773e+00 4.904238330897413203e-04
1.765685719958628397e+01 9.998573002379452790e-01 4.903494295556429586e-04
1.814725568415951784e+01 1.000863784593829520e+00 4.905805659216459259e-04
1.863765177727100308e+01 1.000205023422686468e+00 4.904779797781290852e-04
1.912805267880094107e+01 9.989423536926170799e-01 4.897524001822571062e-04
1.961845118851988445e+01 1.000411189300076886e+00 4.904614423229097233e-04
2.010884730677707921e+01 9.992715152586452154e-01 4.902206429791161092e-04
2.059924583343445192e+01 1.000465429611855583e+00 4.902746038483971362e-04
2.108964676831737961e+01 1.000109718605022957e+00 4.901693716886185116e-04
2.158004290892631616e+01 9.995290099106751702e-01 4.900639557116998838e-04
2.207044146072939839e+01 9.997886461819992521e-01 4.900330915149363241e-04
2.256084242075803559e+01 9.998508976353130961e-01 4.899846894973706058e-04
2.305123858930664937e+01 9.998031393102441156e-01 4.899084463664644604e-04
2.354163716625544112e+01 9.995414157454802773e-01 4.898305372197679294e-04
-2.364795023446140476e+01 9.993046393222386747e-01 4.713953639437882962e-04
-2.315752611523430460e+01 9.999087502322147047e-01 4.714746704769035902e-04
-2.266710439026292079e+01 1.000325470779821702e+00 4.715663489929560392e-04
-2.217668505972187631e+01 1.000148911542915853e+00 4.715945238037696574e-04
-2.168626092373096981e+01 1.000082483007475043e+00 4.716273901765635464e-04
-2.119583917920181193e+01 1.000274311306302844e+00 4.716607603081344785e-04
-2.070541982910299339e+01 1.000808622018846794e+00 4.717827030532450875e-04
-2.021499567355431282e+01 1.000304366524940924e+00 4.717473793705610156e-04
-1.972457391226134860e+01 1.000718324890564004e+00 4.718201403207355192e-04
-1.923415454260475599e+01 9.950635570023895760e-01 4.712062059494781757e-04
-1.874373036749830135e+01 9.998155349860931018e-01 4.718040291881481934e-04
-1.825330858664756306e+01 9.997432392735111639e-01 4.718461557691071349e-04
-1.776288680020888933e+01 1.000780343380708759e+00 4.719670872464198897e-04
-1.727246500556293540e+01 1.000405799036813814e+00 4.719720360212460177e-04
-1.678204320515442305e+01 1.000770722456959527e+00 4.720190386155684878e-04
-1.629162139915797525e+01 1.000138151675436404e+00 4.720255919659890800e-04
-1.580119718772994020e+01 1.000885116876861991e+00 4.721027226314262830e-04
-1.531077776778192856e+01 1.000162287029898067e+00 4.720950149737825345e-04
-1.482035594502167442e+01 1.000012104882261443e+00 4.721050161008786671e-04
-1.432993651407241487e+01 9.993452650833832829e-01 4.720727318619870588e-04
-1.383951227453007959e+01 9.993630932648568388e-01 4.721151398242767793e-04
-1.334909043221205138e+01 1.000010319817578930e+00 4.722093042017485535e-04
-1.285867098170501777e+01 1.000610688995607456e+00 4.722922695897760373e-04
-1.236824672539887615e+01 9.999179459275930881e-01 4.722644657673553113e-04
-1.187782486352307387e+01 1.000228616972905105e+00 4.723337429582207892e-04
-1.138740299343999141e+01 9.997025295875876516e-01 4.722960540105042185e-04
-1.089698111759435051e+01 1.000875487875824366e+00 4.724454554528562502e-04
-1.040655923616077416e+01 1.000194756922704098e+00 4.724214929299006146e-04
-9.916137349313885352e+00 1.000733256628973056e+00 4.725147334993931646e-04
-9.425715456704438111e+00 1.000061882311536809e+00 4.724765861586484685e-04
-8.935293555713087699e+00 9.997306169971907908e-01 4.724873016873463874e-04
-8.444871649308424821e+00 1.000819205299648962e+00 4.726157970045738433e-04
-7.954449737141203514e+00 1.000499926927132854e+00 4.726024922888421502e-04
-7.464027819386046758e+00 9.997424124002965984e-01 4.725738567521975647e-04
-6.973605893423609814e+00 1.000487305421314588e+00 4.726761988476923799e-04
-6.483183961698614439e+00 9.999283631307290809e-01 4.726581385086031737e-04
-5.992762024385683617e+00 1.000081098489581155e+00 4.726886353880981181e-04
-5.502342481677715114e+00 9.995134200443942518e-01 4.726894507232599712e-04
-5.011920530394945672e+00 1.000303802743675918e+00 4.727706699925593860e-04
-4.521496173505965999e+00 1.000338574065196218e+00 4.728189842779323372e-04
-4.031076611240223428e+00 1.000214670060183053e+00 4.728168334976843180e-04
-3.540654643193647644e+00 1.000210192230044148e+00 4.728848514837703408e-04
-3.050230269540861627e+00 9.980034298875507526e-01 4.726893669463218392e-04
-2.559810687717344990e+00 9.890195694784761349e-01 4.718740273696169375e-04
-2.069388700112995139e+00 9.846351701587604532e-01 4.714821584443644096e-04
-1.578964306902435055e+00 9.834083577230405826e-01 4.714013885066040935e-04
-1.088542308296837291e+00 9.827029760896234256e-01 4.713794342901712767e-04
-5.981227011529881565e-01 9.805435490877230098e-01 4.711788985670705711e-04
-1.076982883846540062e-01 9.793740420016602277e-01 4.711085300696988306e-04
3.827237297787178250e-01 9.790515055510062847e-01 4.710914421938346966e-04
8.731433536863733025e-01 9.789887095954550311e-01 4.711389882614804773e-04
1.363567783218513796e+00 9.818968148003246466e-01 4.714287718220674397e-04
1.853989820939659694e+00 9.830354592870613750e-01 4.715644865334640162e-04
2.344409464405089238e+00 9.834036672755690489e-01 4.716281206937447440e-04
2.834833913495003799e+00 9.904220846543678736e-01 4.723245888167854631e-04
3.325255967979956040e+00 9.986010734942980527e-01 4.731450432376509922e-04
3.815675631003159651e+00 1.000037845210223431e+00 4.733039736444416600e-04
4.306097699632573494e+00 9.993919806970925634e-01 4.732524572858875568e-04
4.796522173693574587e+00 9.995207448335717837e-01 4.733053084433852900e-04
5.286944253498859325e+00 9.987173012513230752e-01 4.732687895894500257e-04
5.777363938873804727e+00 1.000089705123454520e+00 4.734085896249177160e-04
6.267788432492579886e+00 9.998653736770278799e-01 4.734162806636787622e-04
6.758210529061670968e+00 9.995128804378384801e-01 4.734125141229647278e-04
7.248630233994390437e+00 1.000003924948407397e+00 4.734774559681884250e-04
7.739054747170939663e+00 1.000596771816790076e+00 4.735430746685286192e-04
8.229476863297804812e+00 9.988839145874719438e-01 4.734358031006601617e-04
8.719896587788298348e+00 9.999440424657526361e-01 4.735649567645259985e-04
9.210321117728653917e+00 9.987412610204856600e-01 4.734642281568737028e-04
9.700743253413293132e+00 9.999267222034875502e-01 4.735899181742316412e-04
1.019116299466759301e+01 9.996514758641834586e-01 4.735943706867233203e-04
1.068158754137175492e+01 9.996925476671612021e-01 4.737085145495191344e-04
1.117200969661416821e+01 1.000770069152871589e+00 4.737608213064971947e-04
1.166242945742624215e+01 1.000298477921605533e+00 4.737309871011880663e-04
1.215285402368817813e+01 9.998079446101519885e-01 4.738710984793970582e-04
1.264327619569439776e+01 9.997899529966465249e-01 4.737300770363956064e-04
1.313369837311392985e+01 9.991499835028707643e-01 4.737288023071869157e-04
1.362411815907171331e+01 9.998284396224804693e-01 4.737989621650089546e-04
1.411454275065398178e+01 9.996249451586265433e-01 4.737800777288324653e-04
1.460496254778763614e+01 1.000718285398609853e+00 4.739056033645992739e-04
1.509538475035287775e+01 9.996425793439225327e-01 4.738250663436847617e-04
1.558580936149292029e+01 9.999083808163260478e-01 4.738681093080404942e-04
1.607622917539038099e+01 9.996767386334718397e-01 4.739077441362912432e-04
1.656665139751339666e+01 9.998535443666691780e-01 4.739171568487402907e-04
1.705707602541724555e+01 9.994792278504845973e-01 4.738926314092453728e-04
1.754749585887248031e+01 1.000828808723742691e+00 4.740463023837237404e-04
1.803791810055327005e+01 1.000826202891553773e+00 4.740713230897844271e-04
1.852834274522092528e+01 1.000527368323967270e+00 4.740582516263457569e-04
1.901876259823393411e+01 9.998076016308377056e-01 4.740331940769444631e-04
1.950918485667853020e+01 9.996698856957106916e-01 4.740346463913171215e-04
1.999960952090395949e+01 1.000491356864549264e+00 4.741117420216297835e-04
2.049002939347474239e+01 1.000218080158367551e+00 4.741210133507198720e-04
2.098045166868314482e+01 9.995000725424053600e-01 4.740721340499854915e-04
2.147087635246634818e+01 1.000054655490479005e+00 4.741595169532583426e-04
2.196129864164458922e+01 1.000071930450259883e+00 4.741574986709956173e-04
2.245171853656711392e+01 1.000029106701042947e+00 4.741750489313747052e-04
2.294214083709584884e+01 1.000356840548569215e+00 4.742295206934814982e-04
2.343256554602476172e+01 1.000180264447372958e+00 4.742441934563427098e-04
-2.370859501219979393e+01 1.000025900620756136e+00 4.735939254543559615e-04
-2.321816565707717928e+01 1.000228547697576742e+00 4.736978159995082266e-04
-2.272773869900424870e+01 9.999959563471473301e-01 4.735318264179526424e-04
-2.223730694368873628e+01 1.000522635029128748e+00 4.735758465265163704e-04
-2.174687759118546637e+01 9.996935102877535506e-01 4.734615387688529894e-04
-2.125645063887509423e+01 1.000696594886997692e+00 4.735420551370728864e-04
-2.076601888635354953e+01 9.994398934515807964e-01 4.734122790408110603e-04
-2.027558953681887033e+01 1.000252880267158639e+00 4.734567268760579077e-04
-1.978515778988526108e+01 9.998239340378272111e-01 4.733898881548437277e-04
-1.929473084298820140e+01 9.996393768821910664e-01 4.733491938663913351e-04
-1.880430149607286694e+01 9.996162604201448421e-01 4.733204054494403535e-04
-1.831386975210784840e+01 1.000582271594345984e+00 4.735162740943725762e-04
-1.782344280800475644e+01 9.993089659022894589e-01 4.732584490306907779e-04
-1.733301346685198041e+01 9.993567457284858735e-01 4.732585348012877287e-04
-1.684258172550630661e+01 9.997204281809349835e-01 4.733950018269616404e-04
-1.635215245123413297e+01 9.999456552001044773e-01 4.732525565797602684e-04
-1.586172551271897646e+01 1.000376373707000388e+00 4.732825241863045508e-04
-1.537129377713586109e+01 1.000334546500062594e+00 4.735000927224106040e-04
-1.488086684141467231e+01 9.997429274024407508e-01 4.734168432425163897e-04
-1.439043750864379945e+01 1.000261250648627254e+00 4.732222787765969982e-04
-1.390000577568002882e+01 1.000038884075386658e+00 4.731579112811680758e-04
-1.340957644552850070e+01 9.993452086830995063e-01 4.730926978132975864e-04
-1.291914951539524736e+01 1.000569260973944719e+00 4.731893814943559070e-04
-1.242871778819403517e+01 9.996575189157468344e-01 4.731741198533420743e-04
-1.193829086085474955e+01 9.999723710060125503e-01 4.733247500462292915e-04
-1.144786153367181214e+01 1.000419584306156073e+00 4.732424027226570006e-04
-1.095742981188391241e+01 1.000100145677955910e+00 4.730858445831085703e-04
-1.046700288733859452e+01 1.000249149744075527e+00 4.730929862585675342e-04
-9.976573565568969570e+00 1.000081521257112360e+00 4.730489724234924792e-04
-9.486141846749660544e+00 9.996003265586259623e-01 4.729867565140145739e-04
-8.995714927792278104e+00 1.000034106979545090e+00 4.729956398443543463e-04
-8.505285611785211586e+00 1.000025988517872833e+00 4.736570027145867970e-04
-8.014853895585247301e+00 1.000234269147591393e+00 4.731068983287066085e-04
-7.524424579403557800e+00 1.000347833644804618e+00 4.729996825591169631e-04
-7.033995266190459006e+00 1.000275372235474913e+00 4.730840250901165883e-04
-6.543565955596704953e+00 1.000260945861372930e+00 4.730915652167796037e-04
-6.053136645002950900e+00 1.000356079106318852e+00 4.730683760361556012e-04
-5.562707337377787553e+00 1.001018468425099117e+00 4.731208744528761544e-04
-5.072278029578001224e+00 1.000890186401540038e+00 4.732023576787945012e-04
-4.581848724572182618e+00 1.000291202559295156e+00 4.730374460832787592e-04
-4.091417019722712212e+00 9.996849890808086059e-01 4.730858021785426006e-04
-3.600990114735168390e+00 1.001071050654746664e+00 4.730789426345735193e-04
-3.110560815317285233e+00 9.983324087941515268e-01 4.726815666607881946e-04
-2.620129113261782550e+00 9.896516166490757493e-01 4.718323838496536055e-04
-2.129702213862174176e+00 9.848023896385960096e-01 4.713231720823010456e-04
-1.639272917238258742e+00 9.827046328136326281e-01 4.711268116598801370e-04
-1.148841220770691507e+00 9.801647469616439068e-01 4.708443668537810704e-04
-6.584143269590185810e-01 9.800127125813893336e-01 4.708197227478927091e-04
-1.679850331290708709e-01 9.796536930694821343e-01 4.707889498450769741e-04
3.224466577505609166e-01 9.788505345549483039e-01 4.706915429202505560e-04
8.128735487682661187e-01 9.800038582682327748e-01 4.707880265707116473e-04
1.303302837010278381e+00 9.804168342496795141e-01 4.708556875948193021e-04
1.793734525095942445e+00 9.817491486294327441e-01 4.709527080647761500e-04
2.284161410525712199e+00 9.853297652027671605e-01 4.712760288655879447e-04
2.774590695973756738e+00 9.904379023343036215e-01 4.717936633846655332e-04
3.265019978453210570e+00 9.986918833676551310e-01 4.728248329993846376e-04
3.755449261107287384e+00 9.999021410822029887e-01 4.727376104765399086e-04
4.245880940985671259e+00 1.000515939704022195e+00 4.728565614238469878e-04
4.736310220671157367e+00 1.000200602065588695e+00 4.729356519125168731e-04
5.226737097719023950e+00 1.000213380762845716e+00 4.728223134436561966e-04
5.717168774803440101e+00 1.000501318732328171e+00 4.729767219586912411e-04
6.207598048900990761e+00 1.000267851637930860e+00 4.729640626462784984e-04
6.698024920360921897e+00 1.000305509817026373e+00 4.728135683564222975e-04
7.188456591857402600e+00 9.998540514891770536e-01 4.728865681909481204e-04
7.678885863160985537e+00 9.994317128298652042e-01 4.728522603676251434e-04
8.169312731826948948e+00 9.994003400687064831e-01 4.727298152185675307e-04
8.659744397735494204e+00 1.000320620292349805e+00 4.729303443053458852e-04
9.150173663451141692e+00 1.000306328807343492e+00 4.727151854408970840e-04
9.640600526529169656e+00 9.998926150988528549e-01 4.728976907475510179e-04
1.013103218964374719e+01 1.001759328308310160e+00 4.731628272713635079e-04
1.062146145256542695e+01 9.994179963011845524e-01 4.727606706002113407e-04
1.111188831284948719e+01 9.992118198521245942e-01 4.727461486359183689e-04
1.160231997037612928e+01 1.000318433982558375e+00 4.729493318810082045e-04
1.209274922770987359e+01 1.000184510828130424e+00 4.727037200459324284e-04
1.258317848242427317e+01 9.994266248045498013e-01 4.726676198924273939e-04
1.307360773434470502e+01 1.000289469892640115e+00 4.729326349810621609e-04
1.356403698888448162e+01 1.000485066323330452e+00 4.729487051755402473e-04
1.405446623801094574e+01 9.994969733498120235e-01 4.728434475232480864e-04
1.454489548713740987e+01 9.999955737425108016e-01 4.728860531514129028e-04
1.503532473608925102e+01 1.000136107446012446e+00 4.728992180828647416e-04
1.552575638244002221e+01 9.990745877724005464e-01 4.728132445764736988e-04
1.601618562597855089e+01 1.000453648664252126e+00 4.729328406741330811e-04
1.650661246932418180e+01 9.997574269137190495e-01 4.728878905628172442e-04
1.699704411008701754e+01 9.996416143601308812e-01 4.728597421279794109e-04
1.748747335065695552e+01 1.000539989584260825e+00 4.729304020103994571e-04
1.797790018858927397e+01 1.000244798797019774e+00 4.729203846205480219e-04
1.846833182655814198e+01 9.999272173513575890e-01 4.728988957606913954e-04
1.895876106171476749e+01 9.998456542834511795e-01 4.728771883848582424e-04
1.944918789667849524e+01 1.000629075136675983e+00 4.729548894288605168e-04
1.993961952905942780e+01 9.991093341902235192e-01 4.728099077485705174e-04
2.043004876124746261e+01 1.000263769857268281e+00 4.730191906377492718e-04
2.092047559079787789e+01 1.000034601387533639e+00 4.729081642986773847e-04
2.141090721759087501e+01 1.000032530128152519e+00 4.729116000573790153e-04
2.190133404434732256e+01 9.998903812154992243e-01 4.728994490473142388e-04
2.239176326815345419e+01 1.000252778229710815e+00 4.729333967158332866e-04
2.288219489215248359e+01 9.998687848483380769e-01 4.728949598940812289e-04
2.337262171332099570e+01 1.000134046776126162e+00 4.729201014576672919e-04
-2.328870696325702738e+01 1.000305755568487553e+00 4.994771107491947698e-04
-2.279828838429330062e+01 9.993332519656135116e-01 4.993521007565447081e-04
-2.230787461671661731e+01 1.000293870495028159e+00 4.993527822257891324e-04
-2.181745845453497168e+01 1.000545621948108588e+00 4.992882856788124959e-04
-2.132703989792298671e+01 9.996109851242263034e-01 4.991281575498213293e-04
-2.083662374709183496e+01 1.000365603035411555e+00 4.991235787811794215e-04
-2.034621000728020590e+01 9.994092593596968221e-01 4.989768641145117577e-04
-1.985579147301996272e+01 9.996330736102109205e-01 4.989266914698823425e-04
-1.936537534454055276e+01 1.000375997060378719e+00 4.989170322969752958e-04
-1.887495922147445526e+01 9.994389086099747521e-01 4.987826623399273934e-04
-1.838454310958422866e+01 1.000354051325809790e+00 4.987733133475976419e-04
-1.789412700345656049e+01 1.000303046374442006e+00 4.987148353758764745e-04
-1.740371090274220478e+01 1.000508862383246322e+00 4.986467437886774002e-04
-1.691329480761578452e+01 1.001012928820887993e+00 4.986305293356153943e-04
-1.642287871825192269e+01 1.000037088957574927e+00 4.984773609061902326e-04
-1.593246023987103399e+01 1.000000279751489307e+00 4.983966517515703732e-04
-1.544204656711463031e+01 9.999140293566857185e-01 4.983031767167759403e-04
-1.495163050010251027e+01 9.996857493912969517e-01 4.982399909468971690e-04
-1.446121203848542791e+01 9.998416517170423123e-01 4.981663129576580258e-04
-1.397079838808076602e+01 9.999352527744742591e-01 4.981130209197710216e-04
-1.348038234342038777e+01 1.000261825336802080e+00 4.980722087954563048e-04
-1.298996390415504720e+01 1.000271276618811100e+00 4.980077113962844007e-04
-1.249955027051419165e+01 1.000229282715096701e+00 4.979366406820547562e-04
-1.200913184818728041e+01 9.989602927800620424e-01 4.977521932303468309e-04
-1.151871583129195642e+01 1.000218707472884994e+00 4.977966791481110154e-04
-1.102830222000284266e+01 9.995385929560859362e-01 4.976688435792424228e-04
-1.053788381443973776e+01 1.000088135369171738e+00 4.976455083034375454e-04
-1.004746781430822011e+01 9.999353426711830028e-01 4.975708728209428215e-04
-9.557051825352573360e+00 9.996642245207563171e-01 4.974793031754940397e-04
-9.066635842159485037e+00 9.998247330230863872e-01 4.974358562456972395e-04
-8.576219864379709179e+00 9.997659352949860301e-01 4.973664530723541106e-04
-8.085803897950427199e+00 9.995386809015930352e-01 4.973580338442498217e-04
-7.595387931346522237e+00 1.000045397486299059e+00 4.972600232784871220e-04
-7.104971975918488170e+00 1.000076641698350199e+00 4.971649707030019461e-04
-6.614556026253012533e+00 9.998364543803599513e-01 4.970826663440875825e-04
-6.124140087588784809e+00 9.998590613872905264e-01 4.970177860739774913e-04
-5.633724148924557085e+00 9.992389524707682158e-01 4.968916227885708872e-04
-5.143305821592548455e+00 9.999214024733849016e-01 4.968992356759244959e-04
-4.652892299710401858e+00 9.987982115422865403e-01 4.967307977189273959e-04
-4.162476388985851372e+00 9.993744281921952410e-01 4.967136172281728414e-04
-3.672058078417649085e+00 9.994609620786210069e-01 4.966623975034369955e-04
-3.181644578887244279e+00 9.986437288295137993e-01 4.965358372062345571e-04
-2.691228684926500136e+00 9.903035790534765459e-01 4.953598342200211989e-04
-2.200810396710039640e+00 9.825499851389121186e-01 4.945690171933984393e-04
-1.710396919531376625e+00 9.813895345330282405e-01 4.943825511542560480e-04
-1.219981047922374273e+00 9.818704830957483143e-01 4.943318655578482490e-04
-7.295627820576555678e-01 9.822210609106217793e-01 4.943186727433313042e-04
-2.391493216427988955e-01 9.800743772959913391e-01 4.940607646663717220e-04
2.512665332023971132e-01 9.800399568917393944e-01 4.939631945057803382e-04
7.416847767153740278e-01 9.796272224610559354e-01 4.938619898285781041e-04
1.232098214778488909e+00 9.799420862100161056e-01 4.938558071642454566e-04
1.722514047271943127e+00 9.830085008729601004e-01 4.940479074555858890e-04
2.212932268433178251e+00 9.857637437511344025e-01 4.942640857411298091e-04
2.703345689732486790e+00 9.900633624385646314e-01 4.946002146954464130e-04
3.193763899892474001e+00 9.977318030832591500e-01 4.955863540403086884e-04
3.684179704271627998e+00 9.996701337711182411e-01 4.957026997039204463e-04
4.174595497649534082e+00 1.000963738903166034e+00 4.957700270336982832e-04
4.665011291027440166e+00 1.000422076488179046e+00 4.956382821617501960e-04
5.155427073054852372e+00 1.000303146678768407e+00 4.955679094145058663e-04
5.645842849668952113e+00 9.994622989855530548e-01 4.954335131824355500e-04
6.136261014950832759e+00 9.996437355797330726e-01 4.953749900686013532e-04
6.626674380370786821e+00 1.001003594557461573e+00 4.954299244296982933e-04
7.117090134633144771e+00 9.996212903936886329e-01 4.952557155618454547e-04
7.607508283325842058e+00 1.000902818985362375e+00 4.953061967459771939e-04
8.097921620631495898e+00 9.994931835789986341e-01 4.951201948888536881e-04
8.588337358130047505e+00 9.995160662723396872e-01 4.950485357097733023e-04
9.078755484296380018e+00 9.998229773233975326e-01 4.950318336788110413e-04
9.569168805012850498e+00 1.000714951284268572e+00 4.950254928767192130e-04
1.005958692017793510e+01 9.996492957270367574e-01 4.948699152056323025e-04
1.055000022413059924e+01 1.000138345405501283e+00 4.948516020009388269e-04
1.104041592233897973e+01 1.000214851141898231e+00 4.948070305804102686e-04
1.153083401515232254e+01 9.998101710595802549e-01 4.947109964999861368e-04
1.202124730234118033e+01 9.998371469121117849e-01 4.946198743610741733e-04
1.251166298378575448e+01 1.001037787675947088e+00 4.946934107530775353e-04
1.300208105424735550e+01 1.000202100749367551e+00 4.945344190902445283e-04
1.349249431908447150e+01 1.000346892115970610e+00 4.945125297998302118e-04
1.398290997817730386e+01 9.998694605778178923e-01 4.943853976115672238e-04
1.447332802628716308e+01 1.000521612911181357e+00 4.943986619463712571e-04
1.496374366861618910e+01 9.995862695266064524e-01 4.942412833981777278e-04
1.545415690551362786e+01 9.994398763234384475e-01 4.941760104652741887e-04
1.594457493685968075e+01 9.998336565081969995e-01 4.941384893505564729e-04
1.643499056259952340e+01 1.000272851627908910e+00 4.941565626207553670e-04
1.692540617698887218e+01 1.000438655024835644e+00 4.940820117468024955e-04
1.741582174126142490e+01 9.995472902230647660e-01 4.939486036124534447e-04
1.790623734447490278e+01 9.994005034770019336e-01 4.938436204106336691e-04
1.839665533670540754e+01 1.000664282281392703e+00 4.939182358937284703e-04
1.888706852889936272e+01 9.998289334985673849e-01 4.937853455084263970e-04
1.937748410993572179e+01 1.000352847021537928e+00 4.937562612532732809e-04
1.986790208522779722e+01 9.995914779697644414e-01 4.936576561627961830e-04
2.035831524948207516e+01 1.000357637745378003e+00 4.936500494045135664e-04
2.084873081358000491e+01 9.996720301715494861e-01 4.935506760728723165e-04
2.133914876669496152e+01 1.001115177502265752e+00 4.936100276462930363e-04
2.182956191418543312e+01 9.998345786036312299e-01 4.934281398383258887e-04
2.231997745051830861e+01 9.998600315122925242e-01 4.933580284213508324e-04
2.281039538669483591e+01 9.994498987457398620e-01 4.932688334562600023e-04
2.330080851183356572e+01 9.994380350193105000e-01 4.932227268250927079e-04
-2.341507267757060617e+01 9.998467805444035683e-01 4.874593653370827800e-04
-2.292467594743447989e+01 9.997494739132811725e-01 4.874870990976173631e-04
-2.243428401733490318e+01 9.998080485584665000e-01 4.875634303415145874e-04
-2.194388730413720623e+01 9.999228977788863215e-01 4.875646372445820902e-04
-2.145349299078316108e+01 1.000077791582924869e+00 4.875907562686880668e-04
-2.096310108303532616e+01 1.000012621335959251e+00 4.876280430268792473e-04
-2.047270438660143554e+01 1.000160782176946039e+00 4.876791334536139679e-04
-1.998231009559913218e+01 9.999465222367374118e-01 4.876667788148468584e-04
-1.949191821020303905e+01 1.000595741472326550e+00 4.879074091696859153e-04
-1.900152153612089023e+01 9.995371205671987891e-01 4.877236216288739919e-04
-1.851112726188239321e+01 9.995030710920633776e-01 4.877480294034085609e-04
-1.802073539883804187e+01 1.000185126788429413e+00 4.878311546346632949e-04
-1.753033874151969940e+01 1.000525710146215941e+00 4.879138195368958953e-04
-1.703994448963294417e+01 9.997513873972653231e-01 4.878669527703288810e-04
-1.654955024892205984e+01 9.998905713595046540e-01 4.879243522827032115e-04
-1.605915601397373393e+01 9.989630501260267081e-01 4.878715030980697331e-04
-1.556876178443872050e+01 1.000593934798783557e+00 4.880168858947778621e-04
-1.507836756049164251e+01 9.998612011550592760e-01 4.880202580735190231e-04
-1.458797094228884816e+01 9.999761004270824039e-01 4.880485372473786785e-04
-1.409757913512385130e+01 9.998664839937140281e-01 4.880921929988681638e-04
-1.360718493352851510e+01 9.996354228272313902e-01 4.881059734530059915e-04
-1.311679073769573733e+01 1.000637971742188714e+00 4.882126452226263251e-04
-1.262639654727627203e+01 1.001016598100371802e+00 4.882767176008018044e-04
-1.213599996242646739e+01 9.991496525670796602e-01 4.881430917062480829e-04
-1.164560818896370620e+01 9.999870075614126774e-01 4.882562078478772105e-04
-1.115521402089598269e+01 1.000345347607439317e+00 4.883149195870626399e-04
-1.066481745857254282e+01 9.997405799091535483e-01 4.882947527024212361e-04
-1.017442570728690043e+01 1.000062048930938419e+00 4.883699458272363009e-04
-9.684031555982983264e+00 1.000189857609965705e+00 4.884082046760876731e-04
-9.193635015836662205e+00 9.999242367868955705e-01 4.884268378276580835e-04
-8.703243281489449146e+00 1.000013146196072178e+00 4.884623175283451428e-04
-8.212849152537273767e+00 1.000517737701724696e+00 4.885523787070123174e-04
-7.722452634917317482e+00 1.000852593537118196e+00 4.886038991069443843e-04
-7.232060917159287783e+00 1.000484645160003572e+00 4.885927062946389182e-04
-6.741666810558854195e+00 1.000300108220788298e+00 4.886037079498136782e-04
-6.251270309528081270e+00 9.992212113414475905e-01 4.885291679292578723e-04
-5.760876219866077008e+00 1.000115982830121153e+00 4.886503339912841521e-04
-5.270484530047724547e+00 9.988940545823389305e-01 4.885907741732710722e-04
-4.780088051543316396e+00 1.000296840229510043e+00 4.887609215452942604e-04
-4.289693978470495495e+00 1.000083655854525189e+00 4.888066585781022585e-04
-3.799299910985610040e+00 1.000667572442150988e+00 4.888432434920176543e-04
-3.308905849088660034e+00 9.982380506236426809e-01 4.886630754721335004e-04
-2.818511798542203906e+00 9.916916621588840464e-01 4.880648786392543115e-04
-2.328115353390785458e+00 9.852114040013442153e-01 4.874854616960995501e-04
-1.837723714038475009e+00 9.817860348563716144e-01 4.871863013008375450e-04
-1.347329680081202241e+00 9.812736088871608642e-01 4.871729916170706456e-04
-8.569332516935901367e-01 9.807763542469212226e-01 4.871492996669664604e-04
-3.665416345183984959e-01 9.790612300432935955e-01 4.870322606247738596e-04
1.238523769125094987e-01 9.793990495643956073e-01 4.870972436612547763e-04
6.142487829483798123e-01 9.796563589159916763e-01 4.871645772285243645e-04
1.104640383185142127e+00 9.817417114586906024e-01 4.873598987299716627e-04
1.595034372438931314e+00 9.816190756931367778e-01 4.874154998831728273e-04
2.085430756123059837e+00 9.822545277531273822e-01 4.875111061857271373e-04
2.575822334182703344e+00 9.901090811628161514e-01 4.882583406942540990e-04
3.066216306498063204e+00 9.976492804040795193e-01 4.890065415226206363e-04
3.556610273400110600e+00 9.992054160113020833e-01 4.891956066233995107e-04
4.047004228951664118e+00 1.000397120231770076e+00 4.893567838514055858e-04
4.537398184677840618e+00 1.000365042411318184e+00 4.893615752438133099e-04
5.027792129228146223e+00 9.992033544508557297e-01 4.892848732008120991e-04
5.518186062602580932e+00 9.999891533344920092e-01 4.895999324913437572e-04
6.008582395820667443e+00 9.996166480268942056e-01 4.894036086310683039e-04
6.498973918000956473e+00 1.000682987612633523e+00 4.895048995841240784e-04
6.989367834436961857e+00 9.999408660363436896e-01 4.894936817636580308e-04
7.479764145477929560e+00 1.001554243401309829e+00 4.896681340144878360e-04
7.970158050912687031e+00 1.000039185760772886e+00 4.895790937920599167e-04
8.460549550566611288e+00 9.991637425111749016e-01 4.895208184017455855e-04
8.950945839255837200e+00 9.998250237726221679e-01 4.896186280469609414e-04
9.441339722338852880e+00 1.000448860657491723e+00 4.897152802934792324e-04
9.931731199641035346e+00 9.999040670630847671e-01 4.896818218295936930e-04
1.042212747156645491e+01 9.995287743075419451e-01 4.896880260048802743e-04
1.091252133229772880e+01 9.997506062805930904e-01 4.897267636562104313e-04
1.140291278724816948e+01 9.994885362982899313e-01 4.897362667782901614e-04
1.189330903682184726e+01 1.000590856191362343e+00 4.898687171589796285e-04
1.238370288078931480e+01 9.991642722456633985e-01 4.897944922656917444e-04
1.287409431897594914e+01 1.000299314343348733e+00 4.899029210888464301e-04
1.336449054619788512e+01 1.000460197533228346e+00 4.899458903250387227e-04
1.385488437340154633e+01 9.995943906594434436e-01 4.899192032864724093e-04
1.434528058927298844e+01 1.000116754018803844e+00 4.899913627995765731e-04
1.483567199969456851e+01 9.990445316503649975e-01 4.899120494822426387e-04
1.532606579895855248e+01 1.000603024424827403e+00 4.901062688429048877e-04
1.581646199806618824e+01 9.989271508803333477e-01 4.899957152006701854e-04
1.630685338613602653e+01 9.995078138146269442e-01 4.900651929854683495e-04
1.679724716863620415e+01 9.995996392164562261e-01 4.901100861529218006e-04
1.728764334539209813e+01 9.995413064016680504e-01 4.901290991444995316e-04
1.777803471111019462e+01 9.993547668880536916e-01 4.901586877441370090e-04
1.826842847125863045e+01 9.999921409802440264e-01 4.902301609307632094e-04
1.875882223123244330e+01 1.001163872790410192e+00 4.903613442782229310e-04
1.924921598020500824e+01 1.000597520801872475e+00 4.903645960418029056e-04
1.973960971800170228e+01 9.998969141593624377e-01 4.903225627452901039e-04
2.023000585564204812e+01 9.992989916737515799e-01 4.903264612023187615e-04
2.072039718224459648e+01 9.997138774989877685e-01 4.903727793292254888e-04
2.121079090327748418e+01 1.000081564267072842e+00 4.904430422325903836e-04
2.170118701856608823e+01 9.998370487790917416e-01 4.904226012722253834e-04
2.219157832840483024e+01 9.999828762695769369e-01 4.904940166896430047e-04
2.268197203267391160e+01 1.001153954969062676e+00 4.906354020237208534e-04
2.317236812561077386e+01 1.000531471838786102e+00 4.906093862481635849e-04
2.366275941309777409e+01 1.000410555024048964e+00 4.906230839456365020e-04
