Vernier Format 2
Untitled.cmbl 10/5/16 11:29 AM .
Latest
Time	Position	Velocity	Acceleration
t	x	v	acc
s	m	m/s	m/s²

0	0.639695	0.465717777778	-0.357482222222
0.05	0.663362	0.452093055556	-0.498271018519
0.1	0.686	0.426692	-0.731542777778
0.15	0.706923	0.383683611111	-1.04909302469
0.2	0.725102	0.320705	-1.36941691358
0.25	0.739508	0.244006388889	-1.62921824074
0.3	0.7499695	0.155493333333	-1.82377546296
0.35	0.7554575	0.0578336111111	-1.92249382716
0.4	0.7558005	-0.0414458333333	-1.9079375
0.45	0.75117	-0.137104722222	-1.79021651235
0.5	0.7417375	-0.223998055556	-1.5864279321
0.55	0.728189	-0.297361944444	-1.33373009259
0.6	0.7115535	-0.358339722222	-1.04530308642
0.65	0.691831	-0.40474	-0.692775308642
0.7	0.670222	-0.430179166667	-0.285674537037
0.75	0.647927	-0.433704444444	0.132647839506
0.8	0.625975	-0.415411111111	0.521857561728
0.85	0.605738	-0.379681944444	0.869621450617
0.9	0.5873875	-0.327660277778	1.18970185185
0.95	0.5722955	-0.259155555556	1.46547808642
1	0.5609765	-0.178264722222	1.67170154321
1.05	0.5541165	-0.0884177777778	1.79143395062
1.1	0.5520585	0.00409694444444	1.8264220679
1.15	0.5544595	0.0974691666667	1.77624243827
1.2	0.5620055	0.185791666667	1.62792669753
1.25	0.573496	0.2632525	1.40047746914
1.3	0.5887595	0.328708333333	1.10098765432
1.35	0.60711	0.375966111111	0.741896296296
1.4	0.6271755	0.403215555556	0.368195679012
1.45	0.6480985	0.412552777778	-0.00381111111111
1.5	0.669193	0.402739166667	-0.371795061728
1.55	0.689087	0.374632222222	-0.723211265432
1.6	0.707266	0.3301375	-1.06044166667
1.65	0.7228725	0.267254166667	-1.35871404321
1.7	0.7345345	0.190746111111	-1.57393595679
1.75	0.742252	0.106139444444	-1.69705601852
1.8	0.745339	0.0170547222222	-1.72331033951
1.85	0.7437955	-0.0691716666667	-1.6719662037
1.9	0.7383075	-0.152063333333	-1.56250262346
1.95	0.7283605	-0.228476111111	-1.3764992284
2	0.7149835	-0.292883888889	-1.11416774691
2.05	0.6985195	-0.342809444444	-0.786570987654
2.1	0.679826	-0.372345555556	-0.436795679012
2.15	0.660618	-0.384826944444	-0.110310493827
2.2	0.6408955	-0.383683611111	0.222685339506
2.25	0.621516	-0.364151666667	0.579288888889
2.3	0.60368	-0.325373611111	0.921177314815
2.35	0.588245	-0.268969166667	1.19679475309
2.4	0.5764115	-0.201988888889	1.3892029321
2.45	0.5678365	-0.128434444444	1.5304257716
2.5	0.563206	-0.0470672222222	1.6163875
2.55	0.5630345	0.0366819444444	1.61919290123
2.6	0.566979	0.118144444444	1.53847145062
2.65	0.5750395	0.194080833333	1.37168240741
2.7	0.586873	0.2581075	1.14248641975
2.75	0.6014505	0.3087	0.893970216049
2.8	0.6182575	0.346239444444	0.645506944444
2.85	0.6360935	0.3773	0.310446759259
2.9	0.6570165	0.384445833333	-0.153238425926
2.95	0.676053	0.359578333333	-0.578600771605
3	0.6933745	0.320419166667	-0.884548302469
3.05	0.7084665	0.269826666667	-1.13391141975
3.1	0.7211575	0.203418055556	-1.29821265432
3.15	0.7287035	0.135961388889	-1.38105138889
3.2	0.734706	0.0672661111111	-1.47823472222
3.25	0.736078	-0.0129577777778	-1.53667175926
3.3	0.733334	-0.0917525	-1.48474537037
3.35	0.7266455	-0.165211666667	-1.34378719136
3.4	0.7163555	-0.227904444444	-1.1491558642
3.45	0.703493	-0.280783611111	-0.926735185185
3.5	0.6878865	-0.322705833333	-0.653023302469
3.55	0.670565	-0.348430833333	-0.324209104938
3.6	0.652386	-0.357005833333	0.0481152777778
3.65	0.6340355	-0.344524444444	0.430232098765
3.7	0.617057	-0.311558333333	0.746977777778
3.75	0.6021365	-0.262776111111	0.92482962963
3.8	0.590989	-0.214279722222	1.01555524691
3.85	0.581042	-0.167784166667	1.20944552469
3.9	0.5729815	-0.0980408333333	1.4706125
3.95	0.570409	-0.012005	1.56747824074
4	0.5722955	0.0669802777778	1.49025030864
4.05	0.5774405	0.138533888889	1.34849814815
4.1	0.5863585	0.203036944444	1.16455910494
4.15	0.598192	0.256583055556	0.940920987654
4.2	0.6124265	0.298981666667	0.673031635802
4.25	0.628719	0.325754722222	0.364172839506
4.3	0.6456975	0.335473055556	0.0503384259259
4.35	0.6628475	0.3301375	-0.252221450617
4.4	0.6793115	0.309462222222	-0.538478240741
4.45	0.694232	0.276305555556	-0.817165740741
4.5	0.707609	0.227428055556	-1.0762683642
4.55	0.717556	0.165116388889	-1.25586697531
4.6	0.7242445	0.0979455555556	-1.34288734568
4.65	0.727503	0.0281069444444	-1.36368966049
4.7	0.7269885	-0.04116	-1.32748410494
4.75	0.7228725	-0.1020425	-1.31308657407
4.8	0.717556	-0.173786666667	-1.25062669753
4.85	0.705208	-0.237813333333	-0.987765895062
4.9	0.6923455	-0.274209444444	-0.676419290123
4.95	0.6775965	-0.301935277778	-0.411229475309
5	0.661647	-0.315655277778	-0.144345833333
5.05	0.645526	-0.316893888889	0.128889660494
5.1	0.629405	-0.303745555556	0.420651388889
5.15	0.6144845	-0.2744	0.70013287037
5.2	0.6014505	-0.232001388889	0.940444598765
5.25	0.5908175	-0.178169444444	1.13322330247
5.3	0.583443	-0.117286944444	1.28317993827
5.35	0.5788125	-0.0495444444444	1.39301404321
5.4	0.5777835	0.0290597222222	1.35664969136
5.45	0.582414	0.0945155555556	1.17329290123
5.5	0.5884165	0.140248888889	1.08214382716
5.55	0.595791	0.1946525	1.10262854938
5.6	0.6069385	0.261346944444	0.922712345679
5.65	0.6234025	0.300220277778	0.49348595679
5.7	0.6384945	0.306794444444	0.10634058642
5.75	0.654101	0.305651111111	-0.182086419753
5.8	0.669879	0.286500277778	-0.40900632716
5.85	0.682913	0.261728055556	-0.575424845679
5.9	0.6961185	0.231715555556	-0.784665432099
5.95	0.706923	0.184553055556	-1.00888580247
6	0.7149835	0.127386388889	-1.16784089506
6.05	0.7197855	0.06517	-1.26380679012
6.1	0.721672	-0.0008575	-1.30244722222
6.15	0.7197855	-0.0682188888889	-1.26396558642
6.2	0.7146405	-0.130625833333	-1.14672098765
6.25	0.7064085	-0.185315277778	-0.971409876543
6.3	0.695604	-0.228380833333	-0.772385185185
6.35	0.683256	-0.262490277778	-0.563197530864
6.4	0.6690215	-0.286786111111	-0.309070524691
6.45	0.6539295	-0.295456388889	-0.013550617284
6.5	0.6388375	-0.288310555556	0.284827623457
6.55	0.6244315	-0.265158055556	0.54493595679
6.6	0.611912	-0.231048611111	0.74729537037
6.65	0.6011075	-0.189698055556	0.925200154321
6.7	0.5925325	-0.138533888889	1.0891308642
6.75	0.586873	-0.0787947222222	1.20314660494
6.8	0.584472	-0.0146727777778	1.23760540123
6.85	0.585501	0.04802	1.19806512346
6.9	0.5894455	0.106711111111	1.11109768519
6.95	0.5963055	0.160924166667	0.980090740741
7	0.6059095	0.206371666667	0.813936882716
7.05	0.6174	0.241910277778	0.641166512346
7.1	0.6302625	0.270874722222	0.442194753086
7.15	0.6446685	0.291740555556	0.137570524691
7.2	0.660618	0.287834166667	-0.223267592593
7.25	0.674338	0.264014722222	-0.490151234568
7.3	0.687029	0.235050277778	-0.680547993827
7.35	0.6981765	0.197034444444	-0.871050617284
7.4	0.707266	0.147775833333	-1.05017283951
7.45	0.7132685	0.0897516666667	-1.17784506173
7.5	0.7163555	0.0282022222222	-1.24676265432
7.55	0.716527	-0.0402072222222	-1.20108225309
7.6	0.711725	-0.0971833333333	-1.04858487654
7.65	0.706237	-0.142630833333	-0.921918364198
7.7	0.697662	-0.188554722222	-0.798957098765
7.75	0.687029	-0.225617777778	-0.61824691358
7.8	0.674681	-0.252676666667	-0.389209722222
7.85	0.6611325	-0.2649675	-0.144187037037
7.9	0.6477555	-0.265920277778	0.083950308642
7.95	0.634207	-0.256964166667	0.318016049383
8	0.621516	-0.234859722222	0.560762654321
8.05	0.610197	-0.199988055556	0.781118981481
8.1	0.6011075	-0.154731111111	0.953412962963
8.15	0.594419	-0.101947222222	1.06208256173
8.2	0.5908175	-0.0461144444444	1.11210339506
8.25	0.5897885	0.0105758333333	1.1232191358
8.3	0.5918465	0.0676472222222	1.09251851852
8.35	0.5966485	0.121955555556	1.00671558642
8.4	0.6041945	0.1715	0.849613117284
8.45	0.614313	0.209325277778	0.63841404321
8.5	0.625632	0.235050277778	0.423880246914
8.55	0.6381515	0.251342777778	0.21135787037
8.6	0.6511855	0.256678333333	-0.0120155864198
8.65	0.6642195	0.2512475	-0.255609104938
8.7	0.6769105	0.231525	-0.503648919753
8.75	0.6878865	0.199130555556	-0.711989660494
8.8	0.6971475	0.157970555556	-0.861416975309
8.85	0.7040075	0.109950555556	-0.943302932099
8.9	0.7081235	0.0609777777778	-0.973738888889
8.95	0.7098385	0.0149586111111	-1.03445200617
9	0.7101815	-0.0409694444444	-1.10426944444
9.05	0.7060655	-0.101851944444	-1.04996111111
9.1	0.699377	-0.151110555556	-0.892011728395
9.15	0.690459	-0.190174444444	-0.727075308642
9.2	0.680169	-0.222283055556	-0.568014351852
9.25	0.6683355	-0.251819166667	-0.31769845679
9.3	0.6539295	-0.259250833333	0.0249839506173
9.35	0.64141	-0.245054444444	0.295731635802
9.4	0.629405	-0.225617777778	0.484328703704
9.45	0.618429	-0.196081666667	0.643495524691
9.5	0.609511	-0.159876111111	0.769791512346
9.55	0.602308	-0.118906666667	0.887988888889
9.6	0.5973345	-0.0710772222222	0.994541203704
9.65	0.5949335	-0.0176263888889	1.05408981481
9.7	0.595448	0.0382063888889	1.02984691358
9.75	0.5990495	0.0883225	0.936633487654
9.8	0.6045375	0.132245555556	0.822141358025
9.85	0.6124265	0.171309444444	0.684676697531
9.9	0.6220305	0.201703055556	0.521010648148
9.95	0.632835	0.224855555556	0.323573919753
10	0.6450115	0.235907777778	0.0896669753086
10.05	0.6570165	0.23324	-0.135241512346
10.1	0.6686785	0.221044444444	-0.335218981481
10.15	0.679483	0.199225833333	-0.521751697531
10.2	0.6889155	0.1689275	-0.702144290123
10.25	0.6968045	0.128529722222	-0.864063580247
10.3	0.702121	0.0799380555556	-0.967228240741
10.35	0.704865	0.0289644444444	-1.00433364198
10.4	0.7050365	-0.0225808333333	-0.988824537037
10.45	0.702464	-0.0711725	-0.936951080247
10.5	0.6978335	-0.117096388889	-0.857447067901
10.55	0.6906305	-0.159018611111	-0.72972191358
10.6	0.681541	-0.191984722222	-0.556157561728
10.65	0.6710795	-0.215613611111	-0.354327469136
10.7	0.659589	-0.228761944444	-0.125819598765
10.75	0.647584	-0.227904444444	0.0976597222222
10.8	0.6364365	-0.217233333333	0.290120833333
10.85	0.625632	-0.199130555556	0.482158487654
10.9	0.616028	-0.169403888889	0.672872839506
10.95	0.6083105	-0.130435277778	0.828016820988
11	0.602651	-0.0837491666667	0.919589351852
11.05	0.599907	-0.0354433333333	0.943567592593
11.1	0.599221	0.0112427777778	0.942138425926
11.15	0.600936	0.0592627777778	0.918583641975
11.2	0.6052235	0.104996111111	0.848872067901
11.25	0.611569	0.146823055556	0.719188425926
11.3	0.6203155	0.179122222222	0.539272222222
11.35	0.6299195	0.200845555556	0.350622222222
11.4	0.640724	0.213898611111	0.163507253086
11.45	0.6517	0.217042777778	-0.0236606481481
11.5	0.662676	0.212469444444	-0.227131635802
11.55	0.6734805	0.195319444444	-0.442088888889
11.6	0.6827415	0.165973888889	-0.605278549383
11.65	0.6902875	0.131292777778	-0.697115740741
11.7	0.695947	0.0938486111111	-0.745019290123
11.75	0.699377	0.0596438888889	-0.841673302469
11.8	0.702464	0.0138152777778	-0.998299382716
11.85	0.701435	-0.0443994444444	-1.0591183642
11.9	0.698005	-0.101661388889	-0.928058487654
11.95	0.690459	-0.142726111111	-0.678113117284
12	0.682913	-0.166164444444	-0.475012654321
12.05	0.6738235	-0.185982222222	-0.348293209877
12.1	0.6642195	-0.2015125	-0.218821296296
12.15	0.653415	-0.210563888889	-0.0403342592593
12.2	0.6426105	-0.206943333333	0.169382716049
12.25	0.6323205	-0.193032777778	0.369307253086
12.3	0.622888	-0.168736944444	0.540489660494
12.35	0.6151705	-0.1372	0.670808487654
12.4	0.6089965	-0.100708611111	0.774661265432
12.45	0.6048805	-0.0588816666667	0.852524382716
12.5	0.602994	-0.0141963888889	0.895875771605
12.55	0.603337	0.0328708333333	0.888200617284
12.6	0.606424	0.0769844444444	0.825634876543
12.65	0.611226	0.116524722222	0.731627469136
12.7	0.6182575	0.151205833333	0.608136882716
12.75	0.626661	0.178169444444	0.459027160494
12.8	0.636265	0.198844722222	0.271012345679
12.85	0.6470695	0.207133888889	0.0472683641975
12.9	0.657531	0.202655833333	-0.160543055556
12.95	0.6676495	0.189316944444	-0.332889969136
13	0.676739	0.168546388889	-0.482687808642
13.05	0.6847995	0.140439444444	-0.616235493827
13.1	0.6909735	0.106711111111	-0.738985030864
13.15	0.6957755	0.0660275	-0.841514506173
13.2	0.6978335	0.0198177777778	-0.882748611111
13.25	0.697662	-0.0249627777778	-0.862369753086
13.3	0.695261	-0.0679330555556	-0.80260941358
13.35	0.6906305	-0.105663055556	-0.723793518519
13.4	0.684628	-0.140725277778	-0.626186728395
13.45	0.676396	-0.170737777778	-0.473954012346
13.5	0.667135	-0.190555555556	-0.270906481481
13.55	0.656845	-0.198558888889	-0.0525086419753
13.6	0.6467265	-0.193890277778	0.130954012346
13.65	0.637294	-0.183409722222	0.274135339506
13.7	0.6282045	-0.1672125	0.423721450617
13.75	0.620144	-0.141392222222	0.574366203704
13.8	0.6137985	-0.108711944444	0.699921141975
13.85	0.6089965	-0.0695527777778	0.782601080247
13.9	0.606767	-0.0281069444444	0.812507716049
13.95	0.6062525	0.0125766666667	0.815313117284
14	0.6079675	0.0541177777778	0.793452160494
14.05	0.6117405	0.0934675	0.731574537037
14.1	0.6174	0.129768333333	0.614541666667
14.15	0.6251175	0.157017777778	0.451934259259
14.2	0.633521	0.174548888889	0.289750308642
14.25	0.642782	0.185505833333	0.133918209877
14.3	0.652386	0.188459444444	-0.0303300925926
14.35	0.66199	0.182552222222	-0.197595524691
14.4	0.670908	0.169022777778	-0.36957191358
14.45	0.6793115	0.145584444444	-0.535355246914
14.5	0.6858285	0.113571111111	-0.658316512346
14.55	0.690802	0.0776513888889	-0.733480092593
14.6	0.6937175	0.0385875	-0.770267901235
14.65	0.694575	0.000285833333333	-0.790487962963
14.7	0.693889	-0.0404930555556	-0.797527932099
14.75	0.6906305	-0.0824152777778	-0.741049382716
14.8	0.685314	-0.117382222222	-0.623593055556
14.85	0.6786255	-0.145679722222	-0.479617746914
14.9	0.6703935	-0.165402222222	-0.329184722222
14.95	0.6618185	-0.178074166667	-0.185050617284
15	0.652386	-0.184648333333	-0.0257779320988
15.05	0.6429535	-0.181599444444	0.15133287037
15.1	0.633864	-0.169499166667	0.328126080247
15.15	0.625632	-0.148061666667	0.487239969136
15.2	0.618772	-0.119383055556	0.612106790123
15.25	0.6134555	-0.0850830555556	0.697539197531
15.3	0.610197	-0.0482105555556	0.750841820988
15.35	0.6086535	-0.0104805555556	0.799327623457
15.4	0.608825	0.0327755555556	0.813725154321
15.45	0.611912	0.0755552777778	0.735544444444
15.5	0.6168855	0.108616666667	0.606178395062
15.55	0.6230595	0.134818055556	0.488510339506
15.6	0.630434	0.157303611111	0.368036882716
15.65	0.639009	0.173691388889	0.209346450617
15.7	0.64827	0.179503333333	0.025036882716
15.75	0.6573595	0.175501666667	-0.149003858025
15.8	0.666106	0.163591944444	-0.300813117284
15.85	0.673995	0.144726944444	-0.433302160494
15.9	0.680855	0.1191925	-0.543083333333
15.95	0.686	0.0901327777778	-0.64227808642
16	0.690116	0.0552611111111	-0.736020833333
16.05	0.691831	0.0142916666667	-0.777890123457
16.1	0.691488	-0.0258202777778	-0.749095061728
16.15	0.689087	-0.0625022222222	-0.675466512346
16.2	0.684971	-0.0933722222222	-0.592839506173
16.25	0.6796545	-0.121193333333	-0.512964969136
16.3	0.6727945	-0.146156111111	-0.399849074074
16.35	0.664734	-0.163591944444	-0.239041358025
16.4	0.6559875	-0.170833055556	-0.0606072530864
16.45	0.647241	-0.168260555556	0.0953307098765
16.5	0.639009	-0.1603525	0.232424845679
16.55	0.6309485	-0.145679722222	0.377088271605
16.6	0.6240885	-0.1226225	0.516458487654
16.65	0.618429	-0.0930863888889	0.6302625
16.7	0.6144845	-0.0571666666667	0.690340432099
16.75	0.6127695	-0.0215327777778	0.695580709877
16.8	0.6124265	0.0125766666667	0.687587962963
16.85	0.61397	0.0473530555556	0.669485185185
16.9	0.6172285	0.0804144444444	0.628304012346
16.95	0.6220305	0.111856111111	0.55224058642
17	0.628719	0.1372	0.439706944444
17.05	0.6360935	0.155016944444	0.319709876543
17.1	0.6439825	0.172548055556	0.131483333333
17.15	0.654101	0.173977222222	-0.146674845679
17.2	0.662676	0.151396388889	-0.308805864198
17.25	0.6686785	0.135294444444	-0.331937191358
17.3	0.6758815	0.122717777778	-0.417052006173
17.35	0.6817125	0.0968022222222	-0.552399382716
17.4	0.6858285	0.0646936111111	-0.643813117284
17.45	0.6882295	0.0298219444444	-0.682347685185
17.5	0.688744	-0.0042875	-0.693145833333
17.55	0.6878865	-0.0397308333333	-0.687746759259
17.6	0.6847995	-0.0750788888889	-0.636137962963
17.65	0.680169	-0.105567777778	-0.535249382716
17.7	0.673995	-0.129958888889	-0.40260154321
17.75	0.666792	-0.145679722222	-0.26709537037
17.8	0.659246	-0.155969722222	-0.140270061728
17.85	0.651014	-0.160733611111	0.00619305555555
17.9	0.642782	-0.156255555556	0.168641666667
17.95	0.6350645	-0.143678888889	0.325320679012
18	0.628033	-0.122241388889	0.45061095679
18.05	0.6227165	-0.0968022222222	0.536625617284
18.1	0.6182575	-0.0683141666667	0.609566049383
18.15	0.615685	-0.0353480555556	0.664827160494
18.2	0.614656	-0.000666944444444	0.689334722222
18.25	0.6155135	0.0357291666667	0.665462345679
18.3	0.618429	0.0680283333333	0.594004012346
18.35	0.622545	0.0952777777778	0.510159567901
18.4	0.628033	0.119383055556	0.414405401235
18.45	0.6347215	0.137771666667	0.296366820988
18.5	0.642096	0.149300277778	0.16636558642
18.55	0.6498135	0.155398055556	0.0150856481482
18.6	0.6580455	0.151872777778	-0.152285648148
18.65	0.66542	0.138629166667	-0.283927777778
18.7	0.6721085	0.120812222222	-0.363220061728
18.75	0.6775965	0.100041666667	-0.408741666667
18.8	0.6817125	0.0838444444444	-0.526356790123
18.85	0.686686	0.0529744444444	-0.730780555556
18.9	0.6878865	0.00581194444444	-0.829340123457
18.95	0.6872005	-0.0402072222222	-0.728769135802
19	0.6830845	-0.0715536111111	-0.531544135802
19.05	0.6793115	-0.0879413888889	-0.419645679012
19.1	0.674681	-0.1089025	-0.391591666667
19.15	0.668507	-0.130054166667	-0.318068981481
19.2	0.661304	-0.143869444444	-0.184468364198
19.25	0.653758	-0.149109722222	-0.0314416666667
19.3	0.6460405	-0.145870277778	0.103799845679
19.35	0.639009	-0.137581111111	0.217550925926
19.4	0.632149	-0.124909166667	0.342047222222
19.45	0.6261465	-0.103852777778	0.47077808642
19.5	0.621516	-0.0766986111111	0.572566512346
19.55	0.6182575	-0.0444947222222	0.626927777778
19.6	0.617057	-0.0116238888889	0.62899212963
19.65	0.6172285	0.0189602777778	0.612741975309
19.7	0.6189435	0.0494491666667	0.592045524691
19.75	0.622202	0.0787947222222	0.550970216049
19.8	0.6268325	0.106711111111	0.46307646605
19.85	0.633178	0.127672222222	0.325135416667
19.9	0.640038	0.138629166667	0.203370416668
19.95	0.647241	0.145060416667	0.131536265435
20	0.654787	0.148633333334	0.0923665123486
